#name	chrom	strand	txStart	txEnd	cdsStart	cdsEnd	exonCount	exonStarts	exonEnds	name2
uc001aaa.2	chr1	+	1115	4121	1115	1115	3	1115,2475,3083,	2090,2584,4121,	BC032353
uc009vip.1	chr1	+	1115	4272	1115	1115	2	1115,2475,	2090,4272,	AX748260
uc001aab.2	chr1	-	4268	14764	4268	4268	10	4268,4832,5658,6469,6716,7095,7468,7777,8130,14600,	4692,4901,5810,6628,6918,7231,7605,7924,8242,14764,	DKFZp434K1323
uc009viq.1	chr1	-	4268	19221	4268	4268	7	4268,5658,6469,6720,7468,14600,19183,	4692,5810,6628,6918,7924,14754,19221,	FLJ00038
uc009vir.1	chr1	-	4268	19221	4268	4268	10	4268,4832,5658,6469,6720,7095,7777,8130,14600,19183,	4692,4901,5810,6628,6918,7605,7924,8229,14754,19221,	FLJ00038
uc001aac.2	chr1	-	4268	19221	4268	4268	11	4268,4832,5658,6469,6720,7121,7468,7777,8130,14600,19183,	4692,4901,5810,6628,6918,7231,7605,7924,8232,14754,19221,	FLJ00038
uc009vis.1	chr1	-	4268	6628	4268	4268	4	4268,4832,5658,6469,	4692,4901,5805,6628,	DKFZp434K1323
uc009vit.1	chr1	-	4268	9622	4268	4268	9	4268,4832,5658,6469,6720,7095,7777,8130,8775,	4692,4901,5810,6628,6918,7605,7924,8229,9622,	DKFZp434K1323
uc009viu.1	chr1	-	4268	9622	4268	4268	10	4268,4832,5658,6469,6720,7095,7777,8130,8363,8775,	4692,4901,5810,6628,6918,7605,7924,8232,8417,9622,	DKFZp434K1323
uc001aae.2	chr1	-	4268	9622	4268	4268	10	4268,4832,5658,6469,6720,7095,7468,7777,8130,8775,	4692,4901,5810,6628,6918,7231,7605,7924,8229,9622,	DKFZp434K1323
uc009viv.1	chr1	-	4269	19221	4269	4269	7	4269,6720,7095,7468,7777,14600,19183,	6628,6918,7231,7605,7924,14754,19221,	FLJ00038
uc009viw.1	chr1	-	4269	19221	4269	4269	7	4269,6720,7095,7777,8130,14600,19183,	6628,6918,7605,7924,8229,14754,19221,	FLJ00038
uc001aaf.1	chr1	-	4832	19672	4832	4832	10	4832,5658,6469,6720,7095,7468,7777,8130,14600,19396,	4901,5810,6628,6918,7231,7605,7924,8229,14754,19672,	DKFZp434K1323
uc009vix.1	chr1	-	5465	19221	5465	5465	7	5465,6469,6720,7095,7777,14600,19183,	5810,6628,6918,7231,7924,14754,19221,	FLJ00038
uc001aag.1	chr1	-	5658	7231	5658	5658	4	5658,6469,6738,7095,	5810,6628,6918,7231,	DKFZp686C24272
uc009viy.1	chr1	-	6469	19221	6469	6469	9	6469,6720,7095,7468,7777,8130,8359,14600,19183,	6628,6918,7231,7605,7924,8225,8417,14754,19221,	FLJ00038
uc009viz.1	chr1	-	6469	19221	6469	6469	8	6469,6716,7095,7468,7777,8130,14600,19183,	6628,6918,7231,7605,7924,8242,14754,19221,	FLJ00038
uc001aah.2	chr1	-	6720	19221	6720	6720	7	6720,7095,7468,7777,8130,14600,19183,	6918,7231,7605,7924,8229,14754,19221,	FLJ00038
uc009vja.1	chr1	-	6720	19221	6720	6720	6	6720,7095,7777,8130,14600,19183,	6918,7231,7924,8232,14754,19221,	FLJ00038
uc009vjb.1	chr1	-	6720	19824	6720	6720	7	6720,7095,7468,7777,8130,14600,19686,	6918,7231,7605,7924,8242,14754,19824,	DKFZp434K1323
uc009vjc.1	chr1	-	6720	7614	6720	6720	2	6720,7095,	6918,7614,	DKFZp434K1323
uc009vjd.1	chr1	-	6720	7924	6720	6720	3	6720,7095,7468,	6918,7231,7924,	DKFZp434K1323
uc001aai.1	chr1	-	6720	9622	6720	6720	6	6720,7095,7468,7777,8130,8775,	6918,7231,7605,7924,8242,9622,	DKFZp434K1323
uc009vje.1	chr1	-	7095	19221	7095	7095	4	7095,7777,8130,19183,	7605,7924,8229,19221,	FLJ00038
uc009vjf.1	chr1	-	7468	19221	7468	7468	7	7468,7777,8130,8359,8775,14600,19183,	7605,7924,8225,8417,9002,14754,19221,	FLJ00038
uc009vjg.1	chr1	+	19417	20957	19417	19417	3	19417,20426,20838,	19902,20530,20957,	BC048429
uc001aak.1	chr1	-	24475	25940	24475	24475	3	24475,25139,25583,	25037,25344,25940,	F379
uc009vjh.1	chr1	+	55424	59692	58953	59691	3	55424,55751,58899,	55436,55834,59692,	OR4F5
uc001aal.1	chr1	+	58953	59871	58953	59871	1	58953,	59871,	OR4F5
uc009vji.1	chr1	-	79157	735413	79157	79157	6	79157,226477,228280,628927,637007,735309,	80267,227818,228430,629032,637165,735413,	AK125248
uc009vjj.1	chr1	-	124779	126351	124779	124779	1	124779,	126351,	AK311604
uc001aam.2	chr1	-	127586	128558	127586	127586	1	127586,	128558,	DQ580039
uc001aap.1	chr1	-	129367	129428	129367	129367	1	129367,	129428,	DQ600587
uc001aaq.1	chr1	+	310946	310977	310946	310946	1	310946,	310977,	DQ599874
uc001aar.1	chr1	+	311008	311086	311008	311008	1	311008,	311086,	DQ599768
uc001aas.1	chr1	+	314322	314353	314322	314322	1	314322,	314353,	DQ574670
uc001aat.1	chr1	+	314353	314385	314353	314353	1	314353,	314385,	DQ596298
uc001aau.1	chr1	+	314432	314501	314432	314432	1	314432,	314501,	DQ599768
uc009vjk.1	chr1	+	314900	316274	314900	314900	1	314900,	316274,	DQ575955
uc001aav.2	chr1	+	317408	318316	317608	318076	1	317408,	318316,	DQ574721
uc001aaw.1	chr1	+	357521	358460	357521	358460	1	357521,	358460,	OR4F16
uc001aax.1	chr1	+	410068	411702	410068	410068	3	410068,410854,411258,	410159,411121,411702,	BC036251
uc001aay.1	chr1	-	552622	554252	552622	552622	3	552622,553203,554161,	553066,553466,554252,	BC036251
uc009vjl.1	chr1	+	554901	555924	554901	554901	1	554901,	555924,	AK026901
uc001aaz.1	chr1	+	556324	557910	556324	556324	1	556324,	557910,	BC018860
uc001aba.1	chr1	+	558011	558705	558011	558011	1	558011,	558705,	X64709
uc001abb.1	chr1	+	558706	558776	558706	558706	1	558706,	558776,	M37726
uc001abc.1	chr1	+	559395	560212	559395	559395	1	559395,	560212,	CR615613
uc001abd.1	chr1	-	610958	611897	610958	611897	1	610958,	611897,	OR4F16
uc009vjm.1	chr1	-	651145	652037	651369	651837	1	651145,	652037,	DQ587965
uc001abe.2	chr1	-	653074	654579	653880	654321	1	653074,	654579,	DQ595736
uc001abg.1	chr1	-	654855	654916	654855	654855	1	654855,	654916,	DQ600587
uc001abh.1	chr1	-	654963	654995	654963	654963	1	654963,	654995,	DQ599872
uc001abi.1	chr1	-	658264	658342	658264	658264	1	658264,	658342,	DQ575786
uc001abj.1	chr1	-	658372	658404	658372	658372	1	658372,	658404,	DQ599874
uc001abk.1	chr1	-	658404	658435	658404	658404	1	658404,	658435,	DQ574670
uc001abl.1	chr1	-	661778	661810	661778	661778	1	661778,	661810,	DQ599872
uc001abm.2	chr1	-	664102	669599	664102	664102	5	664102,665045,665371,668528,669437,	664267,665278,665429,668593,669599,	AK310751
uc001abo.1	chr1	-	690107	703869	690107	690107	7	690107,691571,693790,694739,698218,699413,703526,	690490,691630,693856,694955,698350,699523,703869,	BC006361
uc009vjn.1	chr1	+	752926	778765	752926	752926	4	752926,754245,777169,778633,	753018,754347,777353,778765,	LOC643837
uc001abp.1	chr1	+	752926	778860	752926	752926	6	752926,754245,772896,777169,777913,778633,	753018,754347,773049,777353,778009,778860,	LOC643837
uc001abq.1	chr1	+	752926	778860	752926	752926	5	752926,754245,777169,777913,778633,	753018,754347,777353,778009,778860,	LOC643837
uc009vjo.1	chr1	+	752926	778860	752926	752926	4	752926,754245,777913,778633,	753018,754347,778009,778860,	LOC643837
uc001abr.1	chr1	+	752926	779603	752926	752926	7	752926,754245,772896,777169,777913,778633,778819,	753018,754347,773049,777353,778009,778765,779603,	LOC643837
uc001abs.1	chr1	+	781760	784444	781760	781760	1	781760,	784444,	AK091100
uc001abt.2	chr1	-	793319	802146	793319	793319	3	793319,799354,801988,	793918,800398,802146,	BC047940
uc001abu.1	chr1	+	836677	840191	836677	836677	2	836677,837187,	836716,840191,	AK056486
uc001abv.1	chr1	+	850392	861139	851184	861138	5	850392,851164,855397,856281,861014,	850432,851256,855579,856332,861139,	SAMD11
uc001abw.1	chr1	+	850983	869824	851184	869396	14	850983,851164,855397,856281,861014,864282,864517,866386,867378,867652,867801,868495,868940,869150,	851043,851256,855579,856332,861139,864372,864703,866549,867494,867731,868301,868620,869051,869824,	SAMD11
uc001abx.1	chr1	+	861014	869824	861072	869396	10	861014,864282,864517,866386,867378,867652,867801,868495,868940,869150,	861139,864372,864655,866549,867494,867731,868301,868620,869051,869824,	SAMD11
uc009vjp.1	chr1	-	869445	872303	869936	871833	5	869445,870284,870760,871415,871644,	870043,870389,870896,871529,872303,	DKFZp564C186
uc001aby.2	chr1	-	869445	883781	869936	879414	17	869445,870284,870760,871415,871644,873373,873732,876369,877242,877654,878417,879024,879246,881165,881337,882136,882341,	870043,870389,870896,871529,871788,873475,873846,876481,877382,877843,878531,879135,879766,881256,881458,882268,883781,	NOC2L
uc001abz.2	chr1	-	869445	884542	869936	884483	19	869445,870299,870760,871415,871644,873373,873732,876369,877242,877654,878417,879024,879246,881165,881337,882136,882341,884171,884457,	870043,870389,870896,871529,871788,873475,873846,876481,877382,877843,878531,879135,879325,881256,881458,882268,882516,884324,884542,	NOC2L
uc009vjq.1	chr1	-	869445	884542	869936	884483	19	869445,870284,870760,871415,871644,873373,873732,876369,877242,877654,878417,879024,879246,881165,881337,882136,882341,884171,884457,	870043,870389,870896,871529,871788,873475,873846,876481,877382,877843,878531,879135,879325,881256,881458,882268,882516,884324,884542,	NOC2L
uc009vjr.1	chr1	-	883513	884542	883873	884483	2	883513,884457,	884324,884542,	NOC2L
uc001aca.1	chr1	+	885829	890958	885936	890434	12	885829,886535,886871,887068,887597,887946,888351,888579,889162,889349,889591,890205,	886043,886795,886993,887290,887714,888160,888496,888747,889251,889423,889773,890958,	KLHL17
uc001acb.1	chr1	+	886691	887721	886876	887515	2	886691,887068,	886993,887721,	KLHL17
uc001acc.1	chr1	+	887323	890958	887323	887323	8	887323,887946,888351,888579,889162,889349,889591,890205,	887714,888160,888496,888747,889251,889410,889773,890958,	KLHL17
uc001acd.1	chr1	+	891739	900347	891774	899818	16	891739,891946,895519,895763,895928,896121,896355,896566,897317,897530,898103,898428,898742,899075,899558,899684,	891857,892046,895666,895844,896001,896249,896451,896647,897393,897667,898253,898569,898883,899294,899607,900347,	PLEKHN1
uc001ace.1	chr1	+	891739	900347	891774	899818	15	891739,891946,895519,895763,895928,896319,896566,897317,897530,898103,898428,898742,899075,899558,899684,	891857,892046,895666,895844,896249,896451,896647,897393,897667,898253,898569,898883,899294,899607,900347,	PLEKHN1
uc001acf.1	chr1	+	891739	900347	891774	899818	15	891739,891946,895519,895763,895928,896121,896319,896566,897317,897530,898103,898742,899075,899558,899684,	891857,892046,895666,895844,896001,896249,896451,896647,897393,897667,898253,898883,899294,899607,900347,	PLEKHN1
uc001acg.1	chr1	-	900446	901884	900446	900446	2	900446,901741,	901512,901884,	C1orf170
uc001ach.1	chr1	-	900446	907336	901414	906409	5	900446,901741,904123,906379,907307,	901512,901867,905900,906416,907336,	C1orf170
uc001aci.1	chr1	-	924206	925333	924301	925216	4	924206,924768,924934,925108,	924675,924856,925030,925333,	HES4
uc001acj.2	chr1	+	938709	939782	938816	939721	2	938709,939226,	938819,939782,	ISG15
uc001ack.1	chr1	+	945365	981355	945415	980224	36	945365,947443,960519,965907,966415,966720,967198,968481,968780,969065,969351,969576,970403,970601,970975,971206,971402,971639,972062,972569,972815,973018,973254,974109,974478,974808,975145,975475,975669,975968,976495,976695,976970,978995,979690,980066,	945616,947705,960567,966123,966640,966945,967405,968700,968975,969266,969500,969682,970520,970766,971119,971331,971508,971978,972200,972697,972930,973138,973608,974302,974694,975038,975280,975572,975834,976080,976612,976888,977058,979220,979794,981355,	AGRN
uc009vjs.1	chr1	+	984945	987299	984945	984945	5	984945,985519,985781,986262,987091,	985025,985636,985951,986360,987299,	AK310350
uc001acl.1	chr1	+	984979	991696	984979	984979	4	984979,985522,988321,991072,	985089,985636,988444,991696,	BC033949
uc009vjt.1	chr1	-	1007060	1012447	1008135	1012421	5	1007060,1009157,1009723,1011120,1012381,	1008230,1009626,1009749,1011255,1012447,	C1orf159
uc001acm.2	chr1	-	1007060	1017346	1008135	1016786	7	1007060,1011120,1012381,1012744,1015595,1016714,1017233,	1008230,1011255,1012447,1012840,1015671,1016808,1017346,	C1orf159
uc009vju.1	chr1	-	1007060	1017346	1008135	1016786	8	1007060,1009595,1009723,1011120,1012744,1015595,1016714,1017233,	1008230,1009626,1009749,1011255,1012840,1015671,1016808,1017346,	UNQ2998
uc001acn.2	chr1	-	1007060	1017417	1008135	1016786	8	1007060,1009157,1009723,1011120,1012381,1012744,1015595,1016714,	1008230,1009626,1009749,1011255,1012447,1012840,1015671,1017417,	C1orf159
uc001acp.2	chr1	-	1007060	1031370	1008135	1016786	10	1007060,1009595,1009723,1011120,1012381,1012744,1015595,1016714,1017233,1031198,	1008230,1009626,1009749,1011255,1012447,1012840,1015671,1016808,1017346,1031370,	C1orf159
uc001acu.2	chr1	-	1007060	1041599	1008135	1016786	10	1007060,1009595,1009723,1011120,1012381,1012744,1015595,1016714,1017233,1041302,	1008230,1009626,1009749,1011255,1012447,1012840,1015671,1016808,1017346,1041599,	C1orf159
uc001act.2	chr1	-	1007060	1041599	1008135	1016786	12	1007060,1009157,1009723,1011120,1012381,1012744,1015595,1016118,1016714,1017233,1040264,1041302,	1008230,1009626,1009749,1011255,1012447,1012840,1015671,1016226,1016808,1017346,1040318,1041599,	C1orf159
uc001acr.2	chr1	-	1007060	1041599	1007060	1007060	12	1007060,1009157,1009595,1009723,1011120,1012381,1012744,1015595,1016520,1016714,1017233,1041302,	1008230,1009329,1009626,1009749,1011255,1012447,1012840,1015671,1016617,1016808,1017346,1041599,	UNQ2998
uc001acs.2	chr1	-	1007060	1041599	1007060	1007060	11	1007060,1009157,1009595,1009723,1011120,1012381,1012744,1015595,1016714,1017233,1041302,	1008230,1009329,1009626,1009749,1011255,1012447,1012840,1015671,1016808,1017346,1041599,	UNQ2998
uc001acv.2	chr1	+	1062259	1069295	1067985	1068399	3	1062259,1066067,1067981,	1062353,1066275,1069295,	BC028014
uc001acw.1	chr1	+	1092399	1092423	1092399	1092399	1	1092399,	1092423,	CS444397
uc001acx.1	chr1	-	1098298	1104798	1100872	1104701	2	1098298,1104607,	1101639,1104798,	AK128833
uc001acy.1	chr1	+	1099145	1123176	1104458	1123090	16	1099145,1099527,1099666,1104431,1104899,1105276,1105725,1105973,1106983,1107603,1108118,1109162,1110211,1121842,1122335,1122680,	1099169,1099564,1099732,1104576,1104980,1105583,1105844,1106103,1107058,1107689,1108290,1109334,1110352,1121959,1122429,1123176,	TTLL10
uc001acz.1	chr1	+	1104939	1111104	1105296	1110385	9	1104939,1105276,1105725,1105973,1106983,1107603,1108118,1109162,1110211,	1105096,1105583,1105844,1106103,1107058,1107689,1108290,1109334,1111104,	TTLL10
uc001ada.1	chr1	-	1128750	1130923	1129086	1130706	4	1128750,1129276,1129641,1130612,	1129211,1129479,1129729,1130923,	TNFRSF18
uc001adb.1	chr1	-	1128750	1131952	1129086	1131814	5	1128750,1129297,1129641,1130612,1131627,	1129211,1129479,1129729,1130735,1131952,	TNFRSF18
uc001adc.1	chr1	-	1128750	1131952	1129086	1131814	5	1128750,1129276,1129641,1130612,1131627,	1129211,1129479,1129729,1130735,1131952,	TNFRSF18
uc001add.1	chr1	-	1128750	1131952	1128833	1131814	4	1128750,1129641,1130612,1131627,	1129203,1129729,1130735,1131952,	TNFRSF18
uc001ade.1	chr1	-	1136568	1139375	1136797	1139370	7	1136568,1136946,1137184,1137880,1138234,1138905,1139225,	1136868,1137075,1137381,1137947,1138336,1139028,1139375,	TNFRSF4
uc001adf.2	chr1	-	1136583	1139375	1136797	1138616	5	1136583,1137184,1137880,1138234,1139225,	1137075,1137381,1137947,1139028,1139375,	TNFRSF4
uc001adg.1	chr1	-	1142150	1146594	1142150	1142150	3	1142150,1143700,1144011,	1142931,1143876,1146594,	SDF4
uc001adh.2	chr1	-	1142150	1157310	1142754	1154036	7	1142150,1143700,1144011,1148486,1149074,1153710,1157134,	1142931,1143876,1144170,1148600,1149211,1154189,1157310,	SDF4
uc001adi.2	chr1	-	1142150	1157310	1142912	1154036	7	1142150,1143700,1144011,1148486,1149074,1153710,1157134,	1143047,1143876,1144170,1148600,1149211,1154189,1157310,	SDF4
uc009vjv.1	chr1	-	1142150	1157310	1142754	1149171	6	1142150,1143700,1144011,1148486,1149074,1157134,	1142931,1143876,1144170,1148600,1149211,1157310,	SDF4
uc009vjw.1	chr1	-	1142150	1157310	1142150	1142150	7	1142150,1143700,1144011,1148486,1149074,1153710,1157134,	1143047,1143876,1144186,1148600,1149211,1154189,1157310,	SDF4
uc001adj.1	chr1	-	1147966	1149211	1148412	1149171	2	1147966,1149074,	1148600,1149211,	SDF4
uc001adk.1	chr1	+	1157491	1160283	1157521	1158511	1	1157491,	1160283,	B3GALT6
uc001adl.1	chr1	-	1167695	1171965	1167790	1171933	8	1167695,1168077,1168304,1168686,1169196,1169433,1169623,1171756,	1167889,1168156,1168395,1168795,1169348,1169518,1169740,1171965,	FAM132A
uc001adm.1	chr1	-	1179154	1193235	1180445	1191366	7	1179154,1181287,1182234,1182450,1188588,1191340,1193104,	1180730,1181368,1182373,1182553,1188629,1191533,1193235,	UBE2J2
uc001adn.1	chr1	-	1179154	1199051	1180445	1193235	7	1179154,1181287,1182234,1182450,1188588,1193104,1198741,	1180730,1181368,1182373,1182553,1188629,1193235,1199051,	UBE2J2
uc001ado.1	chr1	-	1179154	1199097	1180445	1193235	8	1179154,1181287,1182234,1182450,1188588,1190025,1193104,1198908,	1180730,1181368,1182373,1182553,1188629,1190073,1193235,1199097,	UBE2J2
uc001adp.1	chr1	-	1179154	1199097	1180445	1193235	7	1179154,1181287,1182234,1182450,1188588,1193104,1198908,	1180730,1181368,1182373,1182553,1188629,1193235,1199097,	UBE2J2
uc001adq.1	chr1	-	1179154	1199097	1180445	1188604	7	1179154,1181287,1182234,1182450,1188588,1192975,1198908,	1180730,1181368,1182373,1182553,1188629,1193235,1199097,	UBE2J2
uc001adr.1	chr1	-	1179154	1199097	1180445	1188604	6	1179154,1181287,1182234,1182450,1188588,1198908,	1180730,1181368,1182373,1182553,1188629,1199097,	UBE2J2
uc001ads.1	chr1	-	1179154	1199097	1180445	1187527	8	1179154,1181287,1182234,1182450,1187511,1188588,1193104,1198908,	1180730,1181368,1182373,1182553,1187633,1188629,1193235,1199097,	UBE2J2
uc001adt.1	chr1	+	1205678	1217272	1205904	1216853	18	1205678,1206468,1206653,1207484,1209220,1210813,1211168,1212010,1212351,1212750,1212915,1213181,1215513,1215719,1215879,1216137,1216307,1216496,	1205909,1206540,1206853,1207558,1209333,1210907,1211521,1212218,1212542,1212839,1213079,1213280,1215631,1215798,1215937,1216196,1216383,1217272,	SCNN1D
uc001adu.1	chr1	+	1205678	1217272	1209267	1216853	17	1205678,1206468,1206653,1207484,1209220,1211168,1212010,1212351,1212750,1212915,1213181,1215513,1215719,1215879,1216137,1216307,1216496,	1205909,1206540,1206853,1207558,1209333,1211521,1212218,1212542,1212839,1213079,1213280,1215631,1215798,1215937,1216196,1216383,1217272,	SCNN1D
uc001adx.2	chr1	+	1207399	1217272	1212433	1216853	14	1207399,1207518,1209220,1211168,1212010,1212351,1212750,1213181,1215513,1215719,1215879,1216137,1216307,1216496,	1207430,1207558,1209333,1211521,1212218,1212542,1213079,1213280,1215631,1215798,1215937,1216196,1216383,1217272,	SCNN1D
uc001adv.1	chr1	+	1207438	1217272	1209267	1216853	14	1207438,1209220,1211168,1212010,1212351,1212750,1212915,1213181,1215513,1215719,1215879,1216137,1216307,1216496,	1207558,1209333,1211521,1212218,1212542,1212839,1213079,1213280,1215631,1215798,1215937,1216196,1216383,1217272,	SCNN1D
uc001adw.1	chr1	+	1207438	1217272	1207501	1216853	15	1207438,1209220,1210813,1211168,1212010,1212351,1212750,1212915,1213181,1215513,1215719,1215879,1216137,1216307,1216496,	1207558,1209333,1210907,1211521,1212218,1212542,1212839,1213079,1213280,1215631,1215798,1215937,1216196,1216383,1217272,	SCNN1D
uc001ady.1	chr1	-	1218806	1224198	1218806	1223862	14	1218806,1219065,1219332,1219644,1219960,1220689,1220978,1221257,1221453,1221667,1223064,1223255,1223612,1223809,	1218951,1219176,1219442,1219871,1220059,1220797,1221181,1221352,1221523,1221876,1223176,1223356,1223664,1224198,	ACAP3
uc001adz.1	chr1	-	1218806	1228524	1218806	1228503	21	1218806,1219065,1219332,1219644,1220689,1220978,1221257,1221453,1221667,1223064,1223255,1223612,1223809,1224587,1225073,1225215,1225400,1225751,1227230,1228164,1228404,	1218951,1219176,1219442,1219871,1220797,1221181,1221352,1221523,1221876,1223176,1223356,1223664,1223922,1224599,1225148,1225311,1225445,1225935,1227289,1228218,1228524,	ACAP3
uc001aea.1	chr1	-	1218806	1231172	1218806	1228503	22	1218806,1219065,1219332,1219644,1220689,1220978,1221257,1221453,1221667,1223064,1223255,1223612,1223809,1224587,1225073,1225215,1225400,1225751,1227230,1228164,1228404,1229328,	1218951,1219176,1219442,1219871,1220797,1221181,1221352,1221523,1221876,1223176,1223356,1223664,1223922,1224599,1225148,1225311,1225445,1225935,1227289,1228218,1228524,1231172,	ACAP3
uc001aeb.1	chr1	-	1218806	1233132	1218806	1233058	24	1218806,1219065,1219332,1219644,1219960,1220689,1220978,1221257,1221453,1221667,1223064,1223255,1223612,1223809,1224587,1225073,1225215,1225400,1225751,1227230,1228164,1228404,1229328,1233011,	1218951,1219176,1219442,1219871,1220059,1220797,1221181,1221352,1221523,1221876,1223176,1223356,1223664,1223922,1224599,1225148,1225311,1225445,1225935,1227289,1228218,1228524,1229386,1233132,	ACAP3
uc001aec.1	chr1	-	1223986	1234852	1224917	1228503	9	1223986,1225215,1225400,1225751,1227230,1228164,1228404,1229328,1234684,	1225148,1225311,1225445,1225935,1227289,1228218,1228524,1229386,1234852,	KIAA1716
uc001aed.1	chr1	+	1233856	1236920	1233886	1236622	8	1233856,1234157,1234328,1234696,1234923,1235876,1236151,1236572,	1233963,1234215,1234516,1234846,1235094,1235931,1236314,1236920,	PUSL1
uc009vjx.1	chr1	+	1234328	1236920	1235829	1236903	4	1234328,1234696,1235278,1236572,	1234516,1235057,1236314,1236920,	PUSL1
uc009vjy.1	chr1	-	1236827	1242693	1236827	1236827	13	1236827,1237260,1237468,1237835,1238029,1238277,1238751,1238974,1239543,1240066,1240646,1240762,1241399,	1237167,1237390,1237611,1237943,1238192,1238367,1238835,1239164,1239608,1240205,1240681,1240861,1242693,	DKFZp434A1923
uc001aee.1	chr1	-	1236827	1249909	1237101	1249851	17	1236827,1237260,1237468,1237682,1237835,1238029,1238277,1238751,1238974,1239543,1240066,1240646,1240762,1244538,1245698,1246238,1249823,	1237167,1237390,1237611,1237744,1237943,1238192,1238367,1238835,1239164,1239608,1240205,1240681,1240861,1244767,1245772,1246336,1249909,	CPSF3L
uc001aef.1	chr1	-	1236827	1249909	1237101	1247196	19	1236827,1237260,1237468,1237682,1237835,1238029,1238277,1238751,1238974,1239543,1240066,1240646,1240762,1244538,1245698,1246238,1247150,1248134,1249823,	1237167,1237390,1237611,1237744,1237943,1238192,1238367,1238835,1239164,1239608,1240205,1240681,1240861,1244767,1245772,1246336,1247227,1248530,1249909,	DKFZp434A1923
uc009vjz.1	chr1	-	1236827	1249909	1237101	1249851	17	1236827,1237260,1237468,1237682,1237835,1238029,1238277,1238751,1238974,1239543,1240066,1240646,1240762,1244538,1245698,1246238,1249823,	1237167,1237390,1237611,1237744,1237943,1238192,1238367,1238835,1239164,1239608,1240205,1240681,1240795,1244767,1245772,1246336,1249909,	CPSF3L
uc001aeg.1	chr1	-	1236827	1249909	1237101	1244595	16	1236827,1237260,1237468,1237682,1237835,1238029,1238277,1238751,1238974,1239543,1240066,1240646,1240762,1244538,1245698,1249823,	1237167,1237390,1237611,1237744,1237943,1238192,1238367,1238835,1239164,1239608,1240205,1240681,1240861,1244676,1246336,1249909,	CPSF3L
uc001aeh.1	chr1	-	1236827	1249909	1237101	1249851	15	1236827,1237260,1237468,1237682,1237835,1238029,1238277,1238751,1238974,1239543,1240066,1240646,1240762,1246238,1249823,	1237167,1237390,1237611,1237744,1237943,1238192,1238367,1238835,1239164,1239608,1240205,1240681,1240861,1246336,1249909,	CPSF3L
uc001aei.1	chr1	-	1236827	1249909	1237101	1249851	15	1236827,1237260,1237468,1237682,1237835,1238029,1238277,1238751,1238974,1239543,1240066,1240646,1240762,1248419,1249823,	1237167,1237390,1237611,1237744,1237943,1238192,1238367,1238835,1239164,1239608,1240205,1240681,1240857,1248530,1249909,	CPSF3L
uc001aej.1	chr1	-	1236827	1249909	1237101	1246282	13	1236827,1237260,1237468,1237682,1237835,1238029,1238277,1238751,1238974,1239543,1240066,1246238,1249823,	1237167,1237390,1237611,1237744,1237943,1238192,1238367,1238835,1239164,1239608,1240205,1246336,1249909,	DKFZp434A1923
uc001aek.1	chr1	-	1236827	1249909	1237101	1239157	14	1236827,1237260,1237468,1237682,1237835,1238029,1238277,1238751,1238974,1239543,1240066,1240646,1240762,1249823,	1237167,1237390,1237611,1237744,1237943,1238192,1238367,1238835,1239348,1239608,1240205,1240681,1240861,1249909,	DKFZp434A1923
uc001aem.1	chr1	-	1243921	1249909	1244097	1249851	4	1243921,1245698,1246238,1249823,	1244767,1245772,1246336,1249909,	CPSF3L
uc001ael.1	chr1	-	1243921	1249909	1244097	1244721	3	1243921,1245698,1249823,	1244767,1246336,1249909,	DKFZp434A1923
uc001aen.1	chr1	-	1243939	1249909	1246040	1249851	2	1243939,1249823,	1246336,1249909,	DKFZp434A1923
uc001aeo.1	chr1	+	1250005	1254139	1252153	1253006	3	1250005,1252078,1252483,	1250345,1252275,1254139,	GLTPD1
uc001aep.1	chr1	+	1256588	1259707	1256588	1259707	6	1256588,1256880,1257266,1258163,1258501,1258748,	1256779,1257181,1258049,1258367,1258622,1259707,	TAS1R3
uc001aeq.1	chr1	-	1260520	1265420	1261384	1265340	8	1260520,1263219,1263511,1263764,1264529,1264824,1264978,1265280,	1261758,1263426,1263679,1263896,1264682,1264892,1265055,1265420,	DVL1
uc009vka.1	chr1	-	1260520	1265420	1261384	1264927	7	1260520,1263219,1263511,1263764,1264604,1264824,1265280,	1261758,1263426,1263679,1263896,1264682,1265055,1265420,	DVL1
uc001aer.2	chr1	-	1260520	1274355	1261384	1274308	15	1260520,1263219,1263511,1263764,1264604,1264824,1264978,1265280,1265489,1265652,1266909,1267295,1267605,1267931,1274138,	1261758,1263426,1263679,1263896,1264682,1264892,1265055,1265420,1265559,1265746,1267048,1267399,1267727,1268001,1274355,	DVL1
uc001aeu.1	chr1	-	1260526	1267367	1262974	1265024	9	1260526,1263511,1263764,1264529,1264978,1265280,1265489,1265652,1266909,	1263426,1263679,1263896,1264892,1265055,1265420,1265559,1265746,1267367,	DVL1
uc001aev.1	chr1	-	1277933	1279507	1277933	1277933	4	1277933,1279090,1279272,1279435,	1278872,1279171,1279349,1279507,	UNQ662
uc001aew.1	chr1	-	1277933	1283778	1278846	1283747	10	1277933,1279090,1279272,1279435,1279596,1279924,1280486,1280692,1281923,1283698,	1278872,1279171,1279349,1279475,1279752,1280395,1280588,1280995,1281947,1283778,	MXRA8
uc001aez.1	chr1	-	1277933	1283778	1278846	1283747	9	1277933,1279090,1279272,1279435,1279596,1279924,1280486,1281923,1283698,	1278872,1279171,1279349,1279475,1279752,1280395,1280588,1281947,1283778,	MXRA8
uc001afa.1	chr1	-	1277933	1287020	1278846	1286506	10	1277933,1279090,1279272,1279435,1279596,1279924,1280486,1280692,1281923,1286484,	1278872,1279171,1279349,1279475,1279752,1280395,1280588,1280995,1281947,1287020,	MXRA8
uc001aex.2	chr1	-	1277934	1283778	1278543	1283747	10	1277934,1279090,1279272,1279435,1279596,1279924,1280486,1280692,1281923,1283698,	1278575,1279189,1279349,1279475,1279752,1280395,1280588,1280995,1281947,1283778,	MXRA8
uc001aey.2	chr1	-	1277934	1283778	1278543	1283747	10	1277934,1279090,1279272,1279435,1279596,1279924,1280486,1280692,1281923,1283698,	1278575,1279171,1279349,1279475,1279752,1280395,1280588,1280995,1281947,1283778,	MXRA8
uc001afb.1	chr1	-	1298972	1300109	1299043	1299999	3	1298972,1299242,1299947,	1299145,1299688,1300109,	AURKAIP1
uc009vkb.1	chr1	-	1298972	1300425	1299043	1299999	4	1298972,1299242,1299947,1300317,	1299145,1299688,1300033,1300425,	AURKAIP1
uc001afd.2	chr1	-	1298972	1300443	1299043	1299999	4	1298972,1299242,1299947,1300239,	1299145,1299688,1300033,1300443,	AURKAIP1
uc001afc.2	chr1	-	1298972	1300681	1299043	1299999	4	1298972,1299242,1299947,1300396,	1299145,1299688,1300033,1300681,	AURKAIP1
uc001afe.1	chr1	-	1310953	1316796	1310953	1310953	8	1310953,1313019,1313196,1313734,1313868,1315472,1315701,1316008,	1312825,1313112,1313308,1313753,1313986,1315614,1315806,1316796,	FLJ00183
uc001aff.1	chr1	-	1310953	1318046	1312473	1316101	6	1310953,1313019,1313196,1315472,1315701,1316008,	1312825,1313112,1313308,1315614,1315806,1318046,	CCNL2
uc001afg.1	chr1	-	1310953	1323585	1312473	1316101	10	1310953,1313019,1313196,1315472,1315701,1316008,1317921,1318638,1320636,1323475,	1312825,1313112,1313308,1315614,1315806,1316108,1318046,1318703,1320780,1323585,	CCNL2
uc001afh.1	chr1	-	1310953	1324553	1318024	1324549	13	1310953,1313019,1313196,1313868,1314192,1315472,1315701,1316008,1318638,1320636,1323475,1323839,1324261,	1312825,1313112,1313308,1313986,1314290,1315614,1315806,1318046,1318703,1320757,1323585,1323914,1324553,	CCNL2
uc001afi.1	chr1	-	1310953	1324553	1312473	1324549	11	1310953,1313019,1313196,1315472,1315701,1316008,1318638,1320636,1323475,1323839,1324261,	1312825,1313112,1313308,1315614,1315806,1316108,1318703,1320757,1323585,1323914,1324553,	CCNL2
uc001afj.1	chr1	-	1310953	1324553	1312473	1316101	12	1310953,1313019,1313196,1315472,1315701,1316008,1318032,1318638,1320636,1323475,1323839,1324261,	1312825,1313112,1313308,1315614,1315806,1316108,1318046,1318703,1320757,1323585,1323914,1324553,	CCNL2
uc001afk.1	chr1	-	1310953	1324553	1310953	1310953	12	1310953,1313019,1313196,1315472,1315701,1316008,1318032,1318638,1320636,1323475,1323839,1324261,	1312825,1313112,1313308,1315614,1315806,1316818,1318046,1318703,1320757,1323585,1323914,1324553,	CCNL2
uc001afl.1	chr1	-	1315472	1323609	1315472	1315472	7	1315472,1315701,1316008,1317924,1318638,1320636,1323475,	1315614,1315806,1316796,1318046,1318703,1320757,1323609,	FLJ00183
uc001afm.1	chr1	+	1324772	1327280	1324794	1325977	3	1324772,1325400,1325847,	1324932,1325546,1327280,	LOC148413
uc001afn.1	chr1	+	1324772	1327938	1324772	1324772	4	1324772,1325400,1325847,1327316,	1324932,1325546,1326513,1327938,	CR595843
uc009vkc.1	chr1	+	1324774	1326513	1324794	1325533	3	1324774,1325400,1325847,	1324928,1325546,1326513,	BC112999
uc009vkd.1	chr1	+	1324774	1327280	1324794	1325533	3	1324774,1325400,1325847,	1324928,1325546,1327280,	BC068600
uc001afo.2	chr1	-	1327138	1332556	1327325	1332460	4	1327138,1331051,1332151,1332373,	1327499,1331129,1332262,1332556,	MRPL20
uc001afp.2	chr1	-	1343664	1346513	1343664	1343664	3	1343664,1346058,1346375,	1344792,1346248,1346513,	hCG_20426
uc001afq.2	chr1	-	1343664	1346513	1344476	1346248	3	1343664,1346039,1346375,	1344792,1346248,1346513,	hCG_20426
uc001afr.1	chr1	+	1360771	1366009	1364328	1365030	3	1360771,1362564,1364323,	1361064,1362727,1366009,	VWA1
uc001afs.1	chr1	+	1360771	1366009	1360991	1365030	3	1360771,1362169,1364323,	1361064,1362727,1366009,	VWA1
uc009vke.1	chr1	+	1364328	1365030	1364328	1365030	1	1364328,	1365030,	VWA1
uc001aft.1	chr1	+	1374931	1394919	1375926	1393773	12	1374931,1377288,1377607,1379587,1380702,1381033,1381467,1382371,1384403,1385992,1387842,1393626,	1376001,1377365,1377677,1379743,1380762,1381159,1381592,1382423,1384474,1386160,1387951,1394919,	ATAD3C
uc001afu.1	chr1	+	1387842	1395401	1387914	1393958	3	1387842,1393626,1394920,	1387951,1394919,1395401,	ATAD3C
uc001afv.1	chr1	+	1397026	1421445	1397127	1421060	16	1397026,1402516,1403886,1404291,1406109,1407380,1407787,1410258,1411024,1411352,1411786,1413105,1414446,1415499,1415805,1420727,	1397332,1402593,1403988,1404351,1406179,1407546,1407857,1410414,1411081,1411478,1411911,1413157,1414517,1415667,1415914,1421445,	ATAD3B
uc001afw.1	chr1	+	1403079	1408710	1403742	1407962	5	1403079,1404291,1406109,1407380,1407787,	1403988,1404351,1406179,1407546,1408710,	ATAD3B
uc001afx.1	chr1	+	1403079	1421445	1403742	1421060	14	1403079,1404291,1406109,1407380,1407787,1410258,1411024,1411352,1411786,1413105,1414446,1415499,1415805,1420727,	1403988,1404351,1406179,1407546,1407857,1410414,1411081,1411478,1411911,1413157,1414517,1415667,1415914,1421445,	ATAD3B
uc001afy.1	chr1	+	1415323	1421445	1415503	1421060	3	1415323,1415805,1420727,	1415667,1415914,1421445,	ATAD3B
uc001afz.1	chr1	+	1437417	1459927	1437511	1459315	16	1437417,1441254,1442409,1442958,1444163,1445383,1445790,1447986,1448753,1449081,1449515,1450482,1451703,1452937,1454465,1459168,	1437716,1441331,1442655,1443018,1444233,1445549,1445860,1448142,1448810,1449207,1449640,1450534,1451774,1453105,1454574,1459927,	ATAD3A
uc001aga.1	chr1	+	1437417	1459927	1437511	1459315	16	1437417,1441254,1442553,1442958,1444163,1445383,1445790,1447986,1448753,1449081,1449515,1450482,1451703,1452937,1454465,1459168,	1437716,1441331,1442655,1443018,1444233,1445549,1445860,1448142,1448810,1449207,1449640,1450534,1451774,1453105,1454574,1459927,	ATAD3A
uc001agb.1	chr1	+	1437772	1459927	1441286	1459315	16	1437772,1441254,1442553,1442958,1444163,1445383,1445790,1447986,1448753,1449081,1449515,1450482,1451703,1452937,1454465,1459168,	1437933,1441331,1442655,1443018,1444233,1445549,1445860,1448142,1448810,1449207,1449640,1450534,1451774,1453105,1454574,1459927,	ATAD3A
uc001agc.1	chr1	+	1457311	1459927	1457311	1457311	1	1457311,	1459927,	AX747755
uc009vkf.1	chr1	-	1460020	1465603	1460601	1465589	4	1460020,1460831,1464926,1465532,	1460750,1461040,1465033,1465603,	C1orf70
uc001agd.1	chr1	-	1466915	1500125	1467308	1499800	5	1466915,1469111,1470105,1490015,1499720,	1467410,1469230,1470245,1490159,1500125,	SSU72
uc009vkg.1	chr1	-	1468422	1500125	1469057	1499800	4	1468422,1470105,1490015,1499720,	1469230,1470245,1490159,1500125,	SSU72
uc001age.1	chr1	-	1487594	1500125	1489777	1499800	2	1487594,1499720,	1490159,1500125,	SSU72
uc001agf.1	chr1	+	1525681	1533029	1525681	1525681	3	1525681,1532115,1532859,	1525949,1532725,1533029,	AK094692
uc001agg.1	chr1	+	1540746	1555848	1540873	1555773	20	1540746,1541750,1548631,1549016,1550037,1550233,1550528,1550788,1551892,1552079,1552316,1552538,1552915,1553261,1553515,1553731,1554375,1554627,1554881,1555534,	1540876,1541857,1548942,1549188,1550144,1550428,1550671,1550896,1551997,1552242,1552450,1552687,1553072,1553422,1553642,1553965,1554554,1554809,1554947,1555848,	MIB2
uc001agh.1	chr1	+	1540746	1555848	1540873	1555773	20	1540746,1541750,1548673,1549016,1550037,1550233,1550528,1550788,1551892,1552079,1552316,1552538,1552915,1553261,1553515,1553731,1554375,1554627,1554881,1555534,	1540876,1541857,1548942,1549188,1550144,1550428,1550671,1550896,1551997,1552242,1552450,1552687,1553072,1553422,1553642,1553965,1554554,1554809,1554947,1555848,	MIB2
uc001agi.1	chr1	+	1540746	1555848	1540873	1555773	20	1540746,1541750,1548631,1549016,1550037,1550233,1550528,1550800,1551892,1552079,1552316,1552538,1552915,1553261,1553515,1553731,1554375,1554627,1554881,1555534,	1540876,1541857,1548942,1549188,1550144,1550428,1550671,1550896,1551997,1552242,1552450,1552687,1553072,1553422,1553642,1553965,1554554,1554809,1554947,1555848,	MIB2
uc001agj.1	chr1	+	1540746	1555848	1549072	1555773	20	1540746,1541750,1548631,1549016,1550037,1550233,1550528,1550788,1551892,1552079,1552316,1552538,1552915,1553261,1553515,1553731,1554375,1554627,1554881,1555534,	1540876,1541857,1548725,1549188,1550144,1550428,1550671,1550896,1551997,1552242,1552450,1552687,1553072,1553422,1553642,1553965,1554554,1554809,1554947,1555848,	DKFZp434A0311
uc001agk.1	chr1	+	1540746	1555848	1540873	1555773	19	1540746,1541750,1548631,1549016,1550037,1550528,1550788,1551892,1552079,1552316,1552538,1552915,1553261,1553515,1553731,1554375,1554627,1554881,1555534,	1540876,1541857,1548942,1549188,1550144,1550671,1550896,1551997,1552242,1552450,1552687,1553072,1553422,1553642,1553965,1554554,1554809,1554947,1555848,	MIB2
uc001agl.1	chr1	+	1541147	1554809	1548653	1554808	18	1541147,1541750,1548631,1549016,1550037,1550233,1550528,1550788,1551892,1552079,1552316,1552538,1552915,1553261,1553515,1553731,1554375,1554627,	1541343,1541857,1548942,1549188,1550144,1550428,1550671,1550896,1551997,1552242,1552450,1552687,1553072,1553422,1553642,1553965,1554554,1554809,	MIB2
uc001agm.1	chr1	+	1541147	1555848	1548695	1555544	18	1541147,1541750,1548673,1549016,1550037,1550528,1550788,1551892,1552079,1552316,1552538,1552915,1553261,1553515,1553731,1554375,1554881,1555534,	1541343,1541857,1548942,1549188,1550144,1550671,1550896,1551997,1552242,1552450,1552687,1553072,1553422,1553642,1553965,1554554,1554947,1555848,	MIB2
uc009vkh.1	chr1	+	1549016	1555848	1549072	1555773	16	1549016,1550037,1550233,1550528,1550788,1552079,1552316,1552538,1552915,1553261,1553515,1553731,1554375,1554627,1554881,1555534,	1549188,1550144,1550428,1550671,1550896,1552242,1552450,1552687,1553072,1553422,1553642,1553965,1554554,1554809,1554947,1555848,	MIB2
uc001agn.1	chr1	+	1550233	1555848	1550629	1555773	14	1550233,1550528,1551892,1552079,1552316,1552538,1552915,1553261,1553515,1553731,1554375,1554627,1554881,1555534,	1550428,1550671,1551997,1552242,1552450,1552687,1553072,1553422,1553642,1553965,1554554,1554809,1554947,1555848,	MIB2
uc001ago.1	chr1	+	1554348	1555848	1554895	1555773	3	1554348,1554881,1555534,	1554554,1554947,1555848,	DKFZp434A0311
uc001agp.1	chr1	+	1557422	1559893	1557460	1559864	8	1557422,1558024,1558222,1558429,1558989,1559230,1559443,1559689,	1557616,1558155,1558362,1558597,1559154,1559341,1559570,1559893,	MMP23B
uc001agq.1	chr1	+	1557422	1559893	1557460	1559785	7	1557422,1558024,1558222,1558989,1559230,1559443,1559689,	1557616,1558155,1558597,1559154,1559341,1559570,1559893,	mifr-2
uc001agr.1	chr1	+	1558024	1559893	1559051	1559864	6	1558024,1558429,1558989,1559230,1559443,1559689,	1558155,1558597,1559154,1559341,1559570,1559893,	mifr-1
uc009vki.1	chr1	+	1558429	1559893	1559051	1559785	4	1558429,1558989,1559443,1559689,	1558597,1559341,1559570,1559893,	mifr-1
uc009vkj.1	chr1	-	1560962	1566597	1560988	1566317	11	1560962,1561161,1561557,1561906,1562121,1562305,1562632,1562986,1563724,1565500,1566271,	1561081,1561351,1561706,1562023,1562229,1562427,1562738,1563108,1563815,1565676,1566597,	CDC2L1
uc009vkk.1	chr1	-	1560962	1567044	1560988	1566307	12	1560962,1561161,1561557,1561906,1562121,1562305,1562632,1562986,1563724,1565616,1566271,1566885,	1561081,1561351,1561706,1562023,1562229,1562427,1562738,1563108,1563815,1565676,1566337,1567044,	CDC2L2
uc001ags.1	chr1	-	1560962	1637777	1560988	1637673	16	1560962,1561161,1561557,1561906,1562121,1562305,1562632,1562986,1563724,1565500,1566271,1566885,1567129,1567570,1633562,1637644,	1561081,1561351,1561706,1562023,1562229,1562427,1562738,1563108,1563815,1565676,1566337,1567044,1567225,1567732,1633699,1637777,	CDC2L1
uc001agt.1	chr1	-	1560962	1637777	1560988	1567712	15	1560962,1561161,1561557,1561906,1562121,1562305,1562632,1562986,1563724,1565500,1566271,1566885,1567129,1567609,1637644,	1561081,1561351,1561706,1562023,1562229,1562427,1562738,1563108,1563815,1565676,1566337,1567044,1567225,1567732,1637777,	CDC2L1
uc001aha.1	chr1	-	1560962	1645635	1560988	1643895	22	1560962,1561161,1561557,1561906,1562121,1562305,1562632,1562986,1563724,1565500,1566271,1566885,1567129,1567609,1633562,1637644,1637754,1640626,1642894,1643886,1644006,1645565,	1561081,1561351,1561706,1562023,1562229,1562427,1562738,1563108,1563815,1565676,1566337,1567044,1567225,1567732,1633699,1637754,1637777,1640754,1643010,1643933,1644130,1645635,	CDC2L1
uc001agw.1	chr1	-	1560962	1645635	1560988	1643895	21	1560962,1561161,1561557,1561906,1562121,1562305,1562632,1562986,1563724,1565500,1566271,1566885,1567129,1567609,1633562,1637644,1640657,1642894,1643886,1644006,1645565,	1561081,1561351,1561706,1562023,1562229,1562427,1562738,1563108,1563815,1565676,1566337,1567044,1567225,1567732,1633699,1637760,1640754,1643010,1643933,1644130,1645635,	CDC2L1
uc001agv.1	chr1	-	1560962	1645635	1560988	1644117	21	1560962,1561161,1561557,1561906,1562121,1562305,1562632,1562986,1563724,1565500,1566271,1566885,1567129,1567609,1633562,1637644,1637754,1640626,1642894,1644006,1645565,	1561081,1561351,1561706,1562023,1562229,1562427,1562738,1563108,1563815,1565676,1566337,1567044,1567225,1567732,1633699,1637754,1637777,1640754,1643010,1644130,1645635,	CDC2L1
uc001agy.1	chr1	-	1560962	1645635	1560988	1644117	20	1560962,1561161,1561557,1561906,1562121,1562305,1562632,1562986,1563724,1565500,1566271,1566885,1567129,1567609,1633562,1637644,1640657,1642894,1644006,1645565,	1561081,1561351,1561706,1562023,1562229,1562427,1562738,1563108,1563815,1565676,1566337,1567044,1567225,1567732,1633726,1637760,1640754,1643010,1644130,1645635,	CDC2L1
uc001agx.1	chr1	-	1560962	1645635	1560988	1644117	20	1560962,1561161,1561557,1561906,1562121,1562305,1562632,1562986,1563724,1565500,1566271,1566885,1567129,1567609,1633562,1637644,1640657,1642894,1644006,1645565,	1561081,1561351,1561706,1562023,1562229,1562427,1562738,1563108,1563815,1565676,1566337,1567044,1567225,1567732,1633699,1637760,1640754,1643010,1644130,1645635,	CDC2L1
uc001agz.1	chr1	-	1560962	1645635	1560988	1567211	18	1560962,1561161,1561557,1561906,1562121,1562305,1562632,1562986,1563724,1565500,1566271,1566885,1567129,1637644,1640626,1642894,1644006,1645565,	1561081,1561351,1561706,1562023,1562229,1562427,1562738,1563108,1563815,1565676,1566337,1567044,1567225,1637777,1640754,1643010,1644130,1645635,	CDC2L1
uc001ahb.2	chr1	-	1566885	1570488	1566886	1570440	4	1566885,1567129,1567609,1570349,	1567044,1567225,1567732,1570488,	CDC2L1
uc001ahc.1	chr1	-	1576685	1580332	1576685	1576685	3	1576685,1578687,1580237,	1576801,1578811,1580332,	CDC2L1
uc009vkl.1	chr1	-	1580852	1614103	1581426	1598001	7	1580852,1589628,1596764,1597365,1597679,1612274,1613747,	1581435,1589774,1596892,1597501,1598148,1612692,1614103,	SLC35E2
uc001ahe.2	chr1	-	1582801	1591441	1587048	1591146	3	1582801,1589628,1590965,	1587321,1589774,1591441,	KIAA0447
uc001ahf.2	chr1	-	1582801	1614103	1587083	1598001	10	1582801,1589628,1590965,1591399,1592810,1596764,1597365,1597679,1612274,1613747,	1587321,1589774,1591038,1591453,1592931,1596892,1597501,1598148,1612692,1614103,	LOC728661
uc001ahg.2	chr1	-	1582801	1614103	1587083	1598001	9	1582801,1589628,1590965,1591399,1592810,1596764,1597365,1597679,1613747,	1587321,1589774,1591038,1591453,1592931,1596892,1597501,1598148,1614103,	LOC728661
uc001ahh.2	chr1	-	1582801	1667291	1587083	1598001	9	1582801,1589628,1590965,1591399,1592810,1596764,1597365,1597679,1667022,	1587321,1589774,1591038,1591453,1592931,1596892,1597501,1598148,1667291,	LOC728661
uc009vkm.1	chr1	-	1591076	1661003	1591395	1660856	5	1591076,1592810,1659619,1660220,1660534,	1591453,1592931,1659747,1660356,1661003,	SLC35E2
uc009vkn.1	chr1	-	1591741	1614103	1592806	1598001	5	1591741,1596764,1597365,1597679,1613747,	1592931,1596892,1597501,1598148,1614103,	SLC35E2
uc001ahi.1	chr1	+	1621237	1623107	1622267	1623081	6	1621237,1621645,1622205,1622446,1622659,1622906,	1621371,1621813,1622370,1622557,1622786,1623107,	MMP21/22B
uc009vko.1	chr1	+	1621645	1623107	1622267	1623002	4	1621645,1622205,1622659,1622906,	1621813,1622557,1622786,1623107,	MMP21/22B
uc001ahj.2	chr1	-	1624029	1629544	1624205	1625933	10	1624029,1624378,1624774,1625122,1625337,1625521,1625848,1626940,1628707,1629478,	1624298,1624568,1624923,1625239,1625445,1625643,1626324,1627031,1628898,1629544,	CDC2L2
uc009vkp.1	chr1	-	1624029	1630251	1624205	1629514	12	1624029,1624378,1624774,1625122,1625337,1625521,1625848,1626202,1626940,1628823,1629478,1630092,	1624298,1624568,1624923,1625239,1625445,1625643,1625954,1626324,1627031,1628883,1629544,1630251,	CDC2L2
uc009vkq.1	chr1	-	1624029	1630251	1624029	1624029	11	1624029,1624378,1624774,1625122,1625521,1625848,1626202,1626940,1628823,1629478,1630092,	1624298,1624568,1624923,1625294,1625643,1625954,1626324,1627031,1628883,1629544,1630251,	CDC2L2
uc009vkr.1	chr1	-	1624029	1645651	1624205	1644117	20	1624029,1624378,1624774,1625122,1625337,1625521,1625848,1626202,1626940,1628707,1629478,1630092,1630336,1630816,1633562,1637644,1640656,1642894,1644006,1645556,	1624298,1624568,1624923,1625239,1625445,1625643,1625954,1626324,1627031,1628883,1629544,1630251,1630432,1630939,1633699,1637777,1640754,1643010,1644130,1645651,	CDC2L2
uc009vks.1	chr1	-	1624029	1645651	1624205	1644117	20	1624029,1624378,1624774,1625122,1625337,1625521,1625848,1626202,1626940,1628707,1629478,1630092,1630336,1630816,1633562,1637644,1640626,1642894,1644006,1645556,	1624298,1624568,1624923,1625239,1625445,1625643,1625954,1626324,1627031,1628883,1629544,1630251,1630432,1630939,1633699,1637777,1640754,1643010,1644130,1645651,	CDC2L2
uc009vkt.1	chr1	-	1630092	1645651	1630093	1644117	9	1630092,1630336,1630816,1633562,1637644,1640656,1642894,1644006,1645556,	1630251,1630432,1630939,1633726,1637777,1640754,1643010,1644130,1645651,	CDC2L1
uc009vku.1	chr1	-	1630092	1645651	1630093	1644117	9	1630092,1630336,1630777,1633562,1637644,1640656,1642894,1644006,1645556,	1630251,1630432,1630939,1633699,1637777,1640754,1643010,1644130,1645651,	CDC2L2
uc009vkv.1	chr1	-	1630092	1645651	1630093	1644117	9	1630092,1630336,1630777,1633562,1637644,1640626,1642894,1644006,1645556,	1630251,1630432,1630939,1633699,1637777,1640754,1643010,1644130,1645651,	CDC2L2
uc001aht.1	chr1	-	1630816	1645403	1630817	1644117	7	1630816,1633562,1637644,1640656,1642894,1644006,1645247,	1630939,1633699,1637777,1640754,1643010,1644130,1645403,	CDC2L2
uc001ahu.1	chr1	-	1637644	1645331	1637646	1644117	5	1637644,1640656,1642894,1644006,1645098,	1637777,1640754,1643010,1644130,1645331,	CDC2L2
uc001ahv.1	chr1	-	1637644	1645331	1637646	1644117	5	1637644,1640626,1642894,1644006,1645098,	1637777,1640754,1643010,1644130,1645331,	CDC2L2
uc001ahw.1	chr1	-	1637644	1645403	1637646	1644117	5	1637644,1640626,1642894,1644006,1645247,	1637777,1640754,1643010,1644130,1645403,	CDC2L2
uc001ahx.1	chr1	+	1645913	1653203	1645913	1645913	2	1645913,1651544,	1646062,1653203,	AK097814
uc001ahy.2	chr1	-	1646138	1667291	1646712	1660856	7	1646138,1655988,1659619,1660220,1660534,1665549,1667022,	1646721,1656134,1659747,1660356,1661003,1665967,1667291,	SLC35E2
uc001ahz.2	chr1	-	1646138	1667291	1646712	1660856	6	1646138,1655988,1659619,1660220,1660534,1667022,	1646721,1656134,1659747,1660356,1661003,1667291,	SLC35E2
uc001aia.1	chr1	-	1648684	1652525	1648684	1648684	1	1648684,	1652525,	AK309762
uc001aib.1	chr1	-	1653540	1667291	1653753	1660856	6	1653540,1655988,1659619,1660220,1660534,1667022,	1653822,1656134,1659747,1660356,1661003,1667291,	SLC35E2
uc009vkw.1	chr1	-	1672530	1699748	1674202	1686705	12	1672530,1674865,1675349,1675582,1675842,1676672,1677556,1677801,1678479,1683250,1686526,1699667,	1674359,1674948,1675507,1675682,1675997,1676775,1677642,1677907,1678609,1683334,1686745,1699748,	NADK
uc001aic.1	chr1	-	1672530	1699769	1674202	1686705	12	1672530,1674865,1675349,1675582,1675842,1676672,1677556,1677801,1678479,1683250,1686526,1699587,	1674359,1674948,1675507,1675682,1675997,1676775,1677642,1677907,1678609,1683334,1686745,1699769,	NADK
uc001aid.2	chr1	-	1672530	1700150	1674202	1686705	12	1672530,1674865,1675349,1675582,1675842,1676672,1677556,1677801,1678479,1683250,1686526,1700044,	1674359,1674948,1675507,1675682,1675997,1676775,1677642,1677907,1678609,1683334,1686745,1700150,	NADK
uc001aie.1	chr1	-	1672530	1701368	1674202	1686705	14	1672530,1674865,1675349,1675582,1675842,1676672,1677556,1677801,1678405,1680399,1681032,1683250,1686526,1701203,	1674359,1674948,1675507,1675682,1675997,1676775,1677642,1677956,1678609,1680542,1681201,1683334,1686745,1701368,	NADK
uc009vkx.1	chr1	-	1675408	1686745	1675550	1677934	8	1675408,1675842,1676672,1677556,1677801,1678479,1683250,1686526,	1675682,1675997,1676775,1677642,1678181,1678609,1683334,1686745,	FLJ13052
uc001aif.1	chr1	-	1706588	1812355	1708629	1746752	12	1706588,1708620,1710351,1711693,1714543,1725717,1727773,1737054,1739135,1746695,1760488,1812118,	1708352,1708736,1710568,1711895,1714610,1725880,1727837,1737161,1739174,1746798,1760537,1812355,	GNB1
uc009vky.1	chr1	-	1706588	1812355	1708629	1725847	10	1706588,1708620,1710351,1711693,1714543,1725717,1727773,1746695,1760488,1812118,	1708352,1708736,1710568,1711895,1714610,1725880,1727837,1746798,1760537,1812355,	GNB1
uc001aig.1	chr1	+	1812769	1813972	1813109	1813970	2	1812769,1813432,	1813150,1813972,	CR606168
uc001aih.1	chr1	+	1836125	1838593	1836579	1838492	6	1836125,1836983,1837739,1838050,1838272,1838445,	1836606,1837034,1837914,1838195,1838373,1838593,	CALML6
uc001aii.1	chr1	-	1838889	1840096	1839180	1839855	2	1838889,1839551,	1839461,1840096,	TMEM52
uc001aij.1	chr1	-	1838889	1840567	1839180	1840564	5	1838889,1839551,1840191,1840343,1840480,	1839461,1839730,1840233,1840387,1840567,	TMEM52
uc001aik.1	chr1	-	1843255	1848702	1843585	1847183	11	1843255,1843887,1844283,1844665,1845073,1845689,1847081,1847526,1847755,1847950,1848192,	1843687,1844022,1844444,1844798,1845228,1845819,1847237,1847646,1847811,1848060,1848702,	C1orf222
uc001ail.1	chr1	-	1843255	1849228	1843585	1847183	10	1843255,1843887,1844283,1844665,1845073,1845689,1847081,1847526,1847755,1847950,	1843687,1844022,1844444,1844798,1845228,1845819,1847237,1847646,1847811,1849228,	C1orf222
uc001aim.1	chr1	-	1874611	1925136	1876876	1912255	18	1874611,1877918,1880418,1881262,1885047,1886186,1887669,1889933,1891957,1893278,1894235,1895323,1906684,1908235,1909810,1910187,1912188,1924999,	1877149,1878083,1880508,1881329,1885166,1886360,1887825,1890132,1892115,1893381,1894346,1895497,1906789,1908334,1909954,1910272,1912274,1925136,	KIAA1751
uc009vkz.1	chr1	-	1876445	1912274	1876445	1912255	18	1876445,1876989,1877918,1880418,1881262,1885047,1886186,1887669,1889933,1891957,1893278,1894235,1895323,1906684,1908235,1909810,1910187,1912188,	1876822,1877149,1878083,1880508,1881329,1885166,1886360,1887825,1890132,1892115,1893381,1894346,1895497,1906789,1908334,1909954,1910272,1912274,	KIAA1751
uc001ain.1	chr1	-	1904969	1925136	1906680	1912255	7	1904969,1906637,1908235,1909810,1910187,1912188,1924999,	1906411,1906789,1908334,1909954,1910272,1912274,1925136,	KIAA1751
uc001aio.1	chr1	-	1934511	1936829	1934511	1934511	2	1934511,1936663,	1936299,1936829,	AK054708
uc001aip.2	chr1	+	1940627	1952052	1940722	1951581	9	1940627,1946240,1946632,1946816,1948875,1949453,1950409,1950849,1951281,	1940790,1946353,1946700,1947037,1948958,1949591,1950565,1951061,1952052,	GABRD
uc001aiq.1	chr1	+	1971768	2106694	1971929	2106308	18	1971768,1976739,1977782,1980839,2056560,2065508,2067325,2070170,2072088,2077293,2090816,2093353,2093599,2095195,2096052,2096522,2105881,2106220,	1972000,1976861,1977872,1980890,2056646,2065640,2067407,2070223,2072277,2077391,2090903,2093489,2093687,2095315,2096132,2096612,2105997,2106694,	PRKCZ
uc001air.1	chr1	+	1994945	2106694	2065637	2106308	15	1994945,2056560,2065508,2067325,2070170,2072088,2077293,2090816,2093353,2093599,2095195,2096052,2096522,2105881,2106220,	1995228,2056646,2065640,2067407,2070223,2072277,2077391,2090903,2093489,2093687,2095315,2096132,2096612,2105997,2106694,	PRKCZ
uc001ais.1	chr1	+	2026014	2106694	2065637	2106308	15	2026014,2056560,2065508,2067325,2070170,2072088,2077293,2090816,2093353,2093599,2095195,2096052,2096522,2105881,2106220,	2026194,2056646,2065640,2067407,2070223,2072277,2077391,2090903,2093489,2093687,2095315,2096132,2096612,2105997,2106694,	PRKCZ
uc009vla.1	chr1	+	2065749	2106694	2065859	2106308	13	2065749,2067325,2070170,2072088,2077293,2090816,2093353,2093599,2095195,2096052,2096522,2105881,2106220,	2065883,2067407,2070223,2072277,2077391,2090903,2093489,2093687,2095315,2096132,2096612,2105997,2106694,	PRKCZ
uc009vlb.1	chr1	+	2066655	2078027	2067334	2077395	5	2066655,2067325,2070170,2072088,2077293,	2066810,2067407,2070223,2072277,2078027,	PRKCZ
uc001ait.1	chr1	+	2090146	2106694	2090298	2106308	8	2090146,2093353,2093599,2095195,2096052,2096522,2105881,2106220,	2090903,2093489,2093687,2095315,2096132,2096612,2105997,2106694,	PRKCZ
uc001aiu.1	chr1	+	2102434	2104523	2102434	2102434	1	2102434,	2104523,	AX747530
uc009vlc.1	chr1	-	2103092	2105174	2103227	2104019	2	2103092,2104869,	2104040,2105174,	hCG_1770745
uc001aiv.1	chr1	-	2105776	2116074	2105776	2105776	8	2105776,2107302,2108136,2111011,2114143,2114937,2115296,2115986,	2106812,2107548,2108505,2111080,2114274,2115209,2115432,2116074,	FP7162
uc001aiw.1	chr1	-	2105776	2116074	2105776	2105776	7	2105776,2107302,2108136,2111011,2114937,2115296,2115986,	2106812,2107548,2108505,2111080,2115209,2115432,2116074,	C1orf86
uc001aix.1	chr1	-	2105776	2129032	2106576	2122397	8	2105776,2114937,2119305,2122348,2124734,2127603,2127813,2128854,	2106812,2115209,2119441,2122524,2124929,2127723,2127966,2129032,	FP7162
uc001aiy.1	chr1	-	2110847	2116074	2111007	2116048	4	2110847,2114937,2115296,2115986,	2111080,2115209,2115432,2116074,	C1orf86
uc001aiz.1	chr1	+	2111096	2113039	2111096	2111096	1	2111096,	2113039,	BC018779
uc001aja.2	chr1	+	2149993	2231416	2150065	2228064	7	2149993,2224276,2224583,2225138,2225591,2227318,2227875,	2151034,2224402,2224699,2225401,2225884,2227549,2231416,	SKI
uc001ajb.1	chr1	-	2242555	2312853	2242681	2312832	14	2242555,2245395,2257767,2258015,2278730,2279890,2293779,2295759,2306276,2307105,2308717,2309537,2311223,2312756,	2242878,2245442,2257847,2258149,2278897,2280014,2293890,2295856,2306364,2307196,2308828,2309636,2311295,2312853,	MORN1
uc009vld.1	chr1	-	2253424	2312853	2253838	2312832	12	2253424,2257767,2258015,2278730,2279890,2293779,2295759,2306276,2307105,2308717,2309537,2312756,	2254052,2257847,2258149,2278897,2280014,2293890,2295856,2306364,2307196,2308828,2309636,2312853,	MORN1
uc001ajc.2	chr1	-	2271713	2273474	2272651	2273278	1	2271713,	2273474,	NM_001127577
uc001ajd.1	chr1	-	2276475	2312853	2276746	2312832	11	2276475,2278730,2279890,2293779,2295759,2306276,2307105,2308717,2309537,2311223,2312756,	2276763,2278897,2280014,2293890,2295856,2306364,2307196,2308828,2309636,2311295,2312853,	MORN1
uc001aje.1	chr1	+	2313073	2326734	2317089	2324423	7	2313073,2317082,2318414,2320713,2322155,2323505,2324333,	2313257,2317170,2318519,2320813,2322234,2323641,2326734,	RER1
uc001ajf.1	chr1	+	2313073	2326734	2317089	2323594	7	2313073,2317082,2318414,2320713,2322155,2323395,2324333,	2313257,2317170,2318519,2320813,2322234,2323641,2326734,	RER1
uc001ajg.1	chr1	-	2326100	2333870	2327064	2333801	6	2326100,2327782,2328018,2329750,2331669,2333689,	2327133,2327918,2328254,2330157,2331750,2333870,	PEX10
uc001ajh.1	chr1	-	2326100	2333870	2327064	2333801	6	2326100,2327782,2328018,2329750,2331669,2333689,	2327133,2327918,2328194,2330157,2331750,2333870,	PEX10
uc001aji.1	chr1	+	2397613	2426824	2397887	2426512	22	2397613,2399774,2401032,2401482,2405746,2408205,2408471,2408896,2410505,2411058,2412490,2416154,2416786,2417905,2418126,2418800,2419821,2420042,2420382,2420939,2423410,2425220,	2398011,2399921,2401274,2401611,2405917,2408299,2408675,2409017,2410677,2411166,2412634,2416247,2416869,2418003,2418309,2418908,2419946,2420127,2420529,2421019,2423708,2426824,	PLCH2
uc009vle.1	chr1	+	2401482	2426824	2401602	2426512	18	2401482,2405746,2408205,2408471,2408896,2410505,2411058,2412490,2416154,2416786,2417905,2418126,2419821,2420042,2420382,2420939,2423410,2425220,	2401611,2405917,2408299,2408675,2409017,2410677,2411166,2412634,2416247,2416869,2418003,2418309,2419946,2420127,2420529,2421019,2423708,2426824,	PLCH2
uc001ajj.1	chr1	+	2401482	2426825	2401602	2424926	19	2401482,2405746,2408205,2408471,2408896,2410505,2411058,2412490,2416154,2416786,2417905,2418126,2418800,2419821,2420042,2420382,2420939,2423410,2424915,	2401611,2405917,2408299,2408675,2409017,2410677,2411166,2412634,2416247,2416869,2418003,2418309,2418908,2419946,2420127,2420529,2421019,2424209,2426825,	PLCH2
uc001ajk.1	chr1	+	2401482	2426829	2401602	2424385	18	2401482,2405746,2408205,2408471,2408896,2410505,2411058,2412490,2416154,2416786,2417905,2418126,2418800,2419821,2420042,2420382,2420939,2423410,	2401611,2405917,2408299,2408675,2409017,2410677,2411166,2412634,2416247,2416869,2418003,2418309,2418908,2419946,2420127,2420529,2421019,2426829,	PLCH2
uc001ajl.1	chr1	+	2420042	2426824	2420417	2424926	6	2420042,2420382,2420939,2423410,2424915,2425220,	2420127,2420529,2421019,2423708,2424942,2426824,	PLCH2
uc001ajm.1	chr1	-	2429834	2447895	2430145	2447886	19	2429834,2431160,2431355,2431976,2432636,2432926,2434186,2435300,2435652,2436860,2439462,2439814,2440441,2441099,2441620,2442021,2442399,2443016,2447762,	2430359,2431229,2431456,2432081,2432686,2432982,2434338,2435388,2435765,2437016,2439563,2439896,2440623,2441253,2441713,2442205,2442614,2443099,2447895,	PANK4
uc001ajn.1	chr1	-	2450043	2451544	2450767	2451463	3	2450043,2451144,2451409,	2451048,2451310,2451544,	HES5
uc001ajo.1	chr1	-	2471372	2473405	2471372	2471372	3	2471372,2471871,2472290,	2471573,2472030,2473405,	AK021767
uc001ajp.1	chr1	-	2471372	2473405	2471372	2471372	2	2471372,2472290,	2471573,2473405,	BC114357
uc001ajq.1	chr1	-	2471581	2473405	2471581	2471581	2	2471581,2472290,	2472030,2473405,	CR749717
uc001ajr.1	chr1	-	2479150	2486613	2479705	2486314	8	2479150,2480082,2481163,2482264,2483000,2484510,2485144,2486245,	2479831,2480114,2481306,2482355,2483156,2484636,2485253,2486613,	TNFRSF14
uc001ajs.1	chr1	-	2479150	2486613	2480110	2486314	7	2479150,2480082,2482264,2483000,2484510,2485144,2486245,	2479831,2480114,2482355,2483156,2484636,2485253,2486613,	TNFRSF14
uc001ajt.1	chr1	-	2479229	2486613	2481357	2483969	5	2479229,2482264,2483000,2485144,2486245,	2481485,2482355,2484636,2485253,2486613,	TNFRSF14
uc009vlf.1	chr1	-	2481443	2486613	2482260	2486314	5	2481443,2483000,2484510,2485144,2486245,	2482355,2483156,2484636,2485253,2486613,	TNFRSF14
uc001aju.1	chr1	+	2508108	2512762	2508184	2510726	7	2508108,2508389,2509039,2509688,2509848,2510220,2510708,	2508247,2508594,2509091,2509752,2509924,2510339,2512762,	C1orf93
uc001ajv.1	chr1	+	2508108	2512762	2508184	2510726	7	2508108,2508389,2509039,2509634,2509848,2510220,2510708,	2508247,2508594,2509091,2509752,2509924,2510339,2512762,	C1orf93
uc001ajw.1	chr1	+	2508108	2512762	2508184	2510713	7	2508108,2508389,2509039,2509688,2509848,2510252,2510708,	2508247,2508594,2509091,2509752,2509924,2510339,2512762,	C1orf93
uc001ajx.1	chr1	+	2508376	2512762	2509738	2510778	6	2508376,2509039,2509688,2509828,2510252,2510708,	2508594,2509091,2509752,2509924,2510339,2512762,	C1orf93
uc009vlg.1	chr1	-	2511940	2550820	2511940	2511940	23	2511940,2512855,2513230,2513953,2514131,2515112,2515683,2516088,2516574,2517307,2517859,2519505,2519952,2525182,2525445,2526856,2527546,2528272,2530637,2530968,2532579,2533425,2550629,	2512388,2512932,2513326,2514019,2514265,2515261,2515742,2516192,2516658,2517406,2517988,2519599,2520089,2525272,2525580,2526922,2527665,2528368,2530718,2531130,2532639,2533503,2550820,	MMEL1
uc001ajy.1	chr1	-	2511940	2554289	2512288	2550756	24	2511940,2512855,2513230,2513953,2514131,2515112,2515683,2516088,2516574,2517307,2517859,2519505,2519952,2525182,2525445,2526856,2527546,2528272,2530637,2530968,2532579,2533425,2550629,2554164,	2512388,2512932,2513326,2514019,2514265,2515232,2515742,2516192,2516658,2517406,2517988,2519599,2520089,2525272,2525580,2526922,2527665,2528368,2530718,2531130,2532639,2533503,2550820,2554289,	MMEL1
uc001ajz.1	chr1	+	2927905	2929327	2928110	2929244	1	2927905,	2929327,	ACTRT2
uc001aka.1	chr1	-	2966040	2970210	2966040	2966040	6	2966040,2966653,2966924,2967530,2968014,2968713,	2966161,2966707,2967028,2967755,2968237,2970210,	DKFZp761G0122
uc001akb.1	chr1	-	2966040	2974193	2966040	2966040	6	2966040,2966653,2966924,2967530,2970635,2973760,	2966161,2966707,2967028,2970479,2970726,2974193,	AL832943
uc001akc.1	chr1	+	2975603	3345045	2975683	3340235	17	2975603,3092548,3150510,3291575,3302914,3309214,3311162,3311918,3317807,3320986,3324251,3325090,3332004,3332474,3337295,3338389,3340157,	2975720,3092898,3150561,3291710,3303017,3309422,3311310,3312072,3319224,3321071,3324421,3325168,3332174,3332649,3337532,3338564,3345045,	PRDM16
uc001akd.1	chr1	+	2975603	3345045	2975683	3340235	17	2975603,3092548,3150510,3291575,3302914,3309214,3311162,3311918,3317807,3320986,3324251,3325090,3332004,3332474,3337295,3338389,3340100,	2975720,3092898,3150561,3291710,3303017,3309422,3311310,3312072,3319224,3321071,3324421,3325168,3332174,3332649,3337532,3338564,3345045,	PRDM16
uc001ake.1	chr1	+	2975603	3345045	2975683	3340235	17	2975603,3092548,3150510,3291575,3302914,3309214,3311162,3311918,3317807,3320983,3324251,3325090,3332004,3332474,3337295,3338389,3340157,	2975720,3092898,3150561,3291710,3303017,3309422,3311310,3312072,3319224,3321071,3324421,3325168,3332174,3332649,3337532,3338564,3345045,	PRDM16
uc001akf.1	chr1	+	2975603	3345045	2975683	3340235	17	2975603,3092548,3150510,3291575,3302914,3309214,3311162,3311918,3317807,3320983,3324251,3325090,3332004,3332474,3337295,3338389,3340100,	2975720,3092898,3150561,3291710,3303017,3309422,3311310,3312072,3319224,3321071,3324421,3325168,3332174,3332649,3337532,3338564,3345045,	PRDM16
uc009vlh.1	chr1	+	2975603	3345045	3311175	3340235	17	2975603,3092548,3150510,3291575,3302914,3309214,3311162,3311918,3317807,3320986,3324251,3325090,3332004,3332474,3337295,3338389,3340100,	2975720,3092898,3150561,3291714,3303017,3309422,3311310,3312072,3319224,3321071,3324421,3325168,3332174,3332649,3337532,3338564,3345045,	KIAA1675
uc001akg.2	chr1	+	3361006	3387537	3369508	3387011	15	3361006,3369489,3372571,3373591,3375303,3375856,3379501,3379816,3381131,3382393,3384298,3384847,3385940,3386235,3386871,	3361235,3370096,3372617,3373761,3375360,3376017,3379654,3379946,3381206,3382486,3384450,3385036,3386014,3386337,3387537,	ARHGEF16
uc001aki.1	chr1	+	3372428	3387537	3375859	3387011	13	3372428,3373591,3375303,3375856,3379501,3379816,3381131,3382393,3384298,3384847,3385940,3386235,3386871,	3372617,3373761,3375360,3376017,3379654,3379946,3381206,3382486,3384450,3385036,3386014,3386337,3387537,	ARHGEF16
uc001akj.1	chr1	+	3373394	3387537	3375859	3387011	12	3373394,3375303,3375856,3379501,3379816,3381131,3382393,3384298,3384847,3385940,3386235,3386871,	3373761,3375360,3376017,3379654,3379946,3381206,3382486,3384450,3385036,3386014,3386337,3387537,	ARHGEF16
uc009vli.1	chr1	+	3378030	3380881	3378081	3380072	3	3378030,3379501,3379816,	3378215,3379654,3380881,	ARHGEF16
uc001akk.1	chr1	-	3394365	3437872	3396951	3437669	30	3394365,3397335,3399062,3400194,3400794,3401036,3402313,3403078,3403656,3404794,3406011,3406219,3407056,3407389,3407600,3408219,3411631,3411845,3412531,3414218,3414981,3415498,3416293,3417206,3417973,3418429,3420973,3421825,3430547,3437503,	3397013,3397383,3399191,3400221,3400923,3401165,3402442,3403207,3403785,3404923,3406140,3406348,3407188,3407518,3407732,3408345,3411766,3411980,3412660,3414347,3415113,3415669,3416416,3417326,3418111,3418552,3421096,3421951,3430670,3437872,	MEGF6
uc001akl.1	chr1	-	3394365	3517919	3396951	3517692	37	3394365,3397335,3399062,3400194,3400419,3400794,3401036,3402313,3403078,3403411,3403656,3404794,3405121,3405561,3406011,3406219,3407056,3407389,3407600,3408219,3411631,3411845,3412531,3414218,3414981,3415498,3416293,3417206,3417973,3418429,3420973,3421825,3430547,3486248,3501761,3508889,3517561,	3397013,3397383,3399191,3400323,3400548,3400923,3401165,3402442,3403207,3403543,3403785,3404923,3405250,3405690,3406140,3406348,3407188,3407518,3407732,3408345,3411766,3411980,3412660,3414347,3415113,3415669,3416416,3417326,3418111,3418552,3421096,3421951,3430670,3486353,3501871,3509024,3517919,	MEGF6
uc001akm.1	chr1	+	3531415	3536554	3531496	3535027	5	3531415,3531847,3532136,3533923,3534832,	3531697,3531939,3532313,3534077,3536554,	TPRG1L
uc009vlj.1	chr1	+	3531415	3536554	3531496	3535027	4	3531415,3531847,3533923,3534832,	3531697,3531939,3534077,3536554,	TPRG1L
uc001akn.2	chr1	-	3537197	3556497	3537821	3556423	11	3537197,3538636,3539821,3541420,3541583,3542367,3543418,3545173,3553089,3553831,3556354,	3538081,3538762,3539927,3541498,3541718,3542454,3543522,3545246,3553206,3553984,3556497,	WDR8
uc001ako.1	chr1	-	3537198	3556497	3537398	3556423	12	3537198,3537889,3538636,3539821,3541420,3541583,3542367,3543418,3545173,3553089,3553831,3556354,	3537541,3538081,3538762,3539927,3541498,3541718,3542454,3543522,3545246,3553206,3553984,3556497,	WDR8
uc001akq.1	chr1	+	3558988	3640317	3588789	3639983	12	3558988,3588756,3589483,3613972,3628444,3629777,3633538,3634051,3634552,3635750,3636423,3639770,	3559065,3588854,3589604,3614215,3628631,3629893,3633648,3634194,3634641,3635872,3636475,3640317,	TP73
uc001akp.2	chr1	+	3558988	3640327	3588789	3639503	14	3558988,3588756,3589483,3613972,3628444,3629777,3633538,3634051,3634552,3635750,3636423,3637350,3637886,3639170,	3559065,3588854,3589604,3614215,3628631,3629893,3633648,3634194,3634641,3635872,3636572,3637489,3637980,3640327,	TP73
uc001akr.2	chr1	+	3597095	3640327	3597329	3639503	12	3597095,3613972,3628444,3629777,3633538,3634051,3634552,3635750,3636423,3637350,3637886,3639170,	3597368,3614215,3628631,3629893,3633648,3634194,3634641,3635872,3636572,3637489,3637980,3640327,	TP73
uc009vlk.1	chr1	+	3597095	3640327	3597329	3637979	11	3597095,3613972,3628444,3629777,3633538,3634051,3634552,3635750,3637350,3637886,3639170,	3597368,3614215,3628631,3629893,3633648,3634194,3634641,3635872,3637489,3637980,3640327,	TP73
uc001aks.2	chr1	+	3597095	3640327	3597329	3639186	11	3597095,3613972,3628444,3629777,3633538,3634051,3634552,3635750,3636423,3637350,3639170,	3597368,3614215,3628631,3629893,3633648,3634194,3634641,3635872,3636572,3637489,3640327,	TP73
uc009vll.1	chr1	+	3604469	3614958	3613999	3614236	2	3604469,3613972,	3604575,3614958,	AK310432
uc009vlm.1	chr1	-	3642407	3653746	3649605	3652627	4	3642407,3649227,3649484,3652030,	3646811,3649335,3649614,3653746,	KIAA0495
uc001akt.2	chr1	-	3642408	3653195	3642408	3642408	6	3642408,3646656,3649227,3649484,3652030,3652710,	3644278,3646811,3649335,3649614,3652605,3653195,	DKFZp434N0450
uc001akv.1	chr1	+	3658821	3678069	3658905	3677947	12	3658821,3660541,3661880,3663156,3667704,3669043,3669531,3670129,3672958,3673656,3676206,3677824,	3659223,3660665,3661991,3663314,3667854,3669136,3669898,3670260,3673036,3673869,3676311,3678069,	CCDC27
uc001akw.2	chr1	+	3679211	3682403	3681797	3682345	4	3679211,3679486,3681722,3682218,	3679265,3679605,3681907,3682403,	LOC388588
uc001akx.1	chr1	-	3686643	3702928	3687511	3702900	7	3686643,3687935,3689084,3690419,3691510,3693272,3702285,	3687760,3688025,3689187,3690535,3691627,3693734,3702928,	LRRC47
uc001aky.1	chr1	-	3720273	3763657	3721825	3758831	22	3720273,3722703,3729597,3729847,3732181,3732793,3733131,3735689,3736214,3737469,3740285,3741348,3742918,3743715,3745387,3746031,3751330,3751712,3753898,3755031,3758718,3763312,	3721941,3722794,3729665,3729986,3732290,3732860,3733168,3735797,3736421,3737646,3740459,3741516,3743116,3743943,3745543,3746200,3751407,3751775,3754037,3755205,3758845,3763657,	KIAA0562
uc001akz.2	chr1	-	3740095	3763657	3740279	3758831	12	3740095,3741348,3742918,3743715,3745387,3746031,3751330,3751712,3753898,3755031,3758718,3763312,	3740459,3741516,3743116,3743943,3745543,3746200,3751407,3751775,3754037,3755205,3758845,3763657,	KIAA0562
uc009vln.1	chr1	+	3763704	3772424	3764027	3772236	3	3763704,3765141,3772235,	3764141,3765275,3772424,	DFFB
uc001ala.1	chr1	+	3763704	3772822	3764027	3772727	3	3763704,3765141,3772707,	3764141,3765268,3772822,	DFFB
uc009vlo.1	chr1	+	3763704	3772910	3764027	3772727	4	3763704,3765141,3772235,3772707,	3764141,3765268,3772424,3772910,	DFFB
uc001alc.1	chr1	+	3763704	3791853	3764027	3790165	7	3763704,3765141,3772235,3774397,3776028,3778895,3789930,	3764141,3765268,3772424,3774477,3776199,3778996,3791853,	DFFB
uc001ale.1	chr1	+	3763704	3791853	3763704	3763704	8	3763704,3765141,3772235,3772707,3774397,3776028,3778895,3789930,	3764141,3765290,3772424,3772822,3774477,3776199,3778996,3791853,	CAD
uc009vlp.1	chr1	+	3763704	3791853	3763704	3763704	8	3763704,3765141,3772235,3774397,3776028,3778895,3779437,3789930,	3764141,3765268,3772424,3774477,3776199,3778996,3779561,3791853,	CAD
uc001alb.1	chr1	+	3763704	3791853	3763704	3763704	7	3763704,3765141,3772235,3774397,3776028,3778895,3789930,	3764141,3765290,3772424,3774477,3776199,3778996,3791853,	CAD
uc009vlq.1	chr1	+	3763704	3791853	3763704	3763704	8	3763704,3765141,3766843,3772235,3774397,3776028,3778895,3789930,	3764141,3765268,3766930,3772424,3774477,3776199,3778996,3791853,	CAD
uc009vlr.1	chr1	+	3763704	3791853	3772141	3790165	7	3763704,3765141,3772066,3774397,3776028,3778895,3789930,	3764141,3765268,3772424,3774477,3776199,3778996,3791853,	DFFB
uc001ald.1	chr1	+	3763704	3791853	3772186	3790165	7	3763704,3765141,3772185,3774397,3776028,3778895,3789930,	3764141,3765268,3772424,3774477,3776199,3778996,3791853,	DFFB
uc001alf.1	chr1	-	3795556	3806709	3796383	3806610	4	3795556,3796992,3799306,3806595,	3796497,3797481,3799420,3806709,	C1orf174
uc009vls.1	chr1	-	3795556	3806709	3795556	3795556	6	3795556,3796992,3799306,3801718,3802010,3806595,	3796497,3797481,3799420,3801966,3802607,3806709,	C1orf174
uc001alg.1	chr1	+	3806830	3823649	3806830	3806830	4	3806830,3810388,3820115,3820818,	3807055,3810460,3820714,3823649,	BC016994
uc001alh.2	chr1	+	3806830	3823737	3806830	3806830	2	3806830,3822910,	3807055,3823737,	BC062787
uc001ali.1	chr1	+	3900536	3915182	3900536	3900536	3	3900536,3900913,3912172,	3900618,3901063,3915182,	AK124708
uc001alj.1	chr1	+	4371970	4383107	4371970	4371970	4	4371970,4375472,4376231,4382679,	4372552,4375507,4376468,4383107,	AX748168
uc001alk.1	chr1	+	4375472	4383368	4375472	4375472	4	4375472,4376231,4382679,4383267,	4375507,4376468,4383107,4383368,	BC128214
uc001all.1	chr1	+	4382679	4384604	4382679	4382679	3	4382679,4383267,4383913,	4383107,4383368,4384604,	AX748168
uc001alm.1	chr1	+	4614964	4737714	4615345	4734419	6	4614964,4671819,4729772,4732199,4734346,4737320,	4615374,4672619,4729860,4732445,4734478,4737714,	AJAP1
uc001aln.1	chr1	+	4614964	4743711	4615345	4734419	6	4614964,4671819,4729772,4732199,4734346,4742464,	4615374,4672619,4729860,4732445,4734478,4743711,	AJAP1
uc001alo.2	chr1	+	4749496	4752042	4749496	4749496	1	4749496,	4752042,	BC037321
uc001alp.1	chr1	-	5544355	5650902	5544355	5544355	3	5544355,5545816,5650787,	5544901,5546002,5650902,	AK125078
uc001alq.1	chr1	-	5845456	5975118	5845911	5968936	30	5845456,5846536,5846984,5847748,5849019,5849676,5850386,5855898,5857117,5857520,5859739,5862760,5869932,5873514,5887263,5887938,5888278,5889761,5891798,5910295,5915793,5929750,5930716,5935346,5944440,5949945,5951733,5960916,5968801,5974890,	5846052,5846680,5847164,5847920,5849105,5849762,5850543,5855982,5857304,5857747,5859945,5862886,5870113,5873675,5887451,5888130,5888430,5889869,5891860,5910434,5915976,5929877,5930898,5935483,5944596,5950010,5951906,5961060,5968974,5975118,	NPHP4
uc001alr.1	chr1	-	5845457	5851022	5849015	5850684	3	5845457,5849676,5850386,	5849105,5849762,5851022,	NPHP4
uc001als.1	chr1	-	5858600	5975118	5858600	5858600	23	5858600,5859032,5859739,5861992,5862760,5869932,5873514,5887263,5887938,5888278,5889761,5891798,5910295,5915793,5929750,5930716,5935346,5944440,5949945,5951733,5960916,5968801,5974890,	5858725,5859170,5859945,5862279,5862886,5870113,5873675,5887451,5888130,5888427,5889869,5891860,5910434,5915976,5929877,5930898,5935483,5944596,5950010,5951906,5961060,5968974,5975118,	KIAA0673
uc009vlt.1	chr1	-	5859739	5975118	5859739	5859739	17	5859739,5862760,5869932,5873514,5887263,5887938,5888278,5910295,5915793,5929750,5930716,5944440,5949945,5951733,5960916,5968801,5974890,	5859945,5862886,5870113,5873675,5887451,5888130,5888427,5910434,5915976,5929877,5930898,5944596,5950010,5951906,5961060,5968974,5975118,	KIAA0673
uc001alt.1	chr1	-	5859739	5975118	5859739	5859739	16	5859739,5862760,5869932,5873514,5887263,5887938,5888278,5910295,5915793,5929750,5930716,5935346,5944440,5949945,5951733,5974890,	5859945,5862886,5870113,5873675,5887451,5888130,5888430,5910434,5915976,5929877,5930898,5935483,5944596,5950010,5951906,5975118,	KIAA0673
uc009vlu.1	chr1	-	5869143	5888130	5869143	5869143	6	5869143,5869932,5871106,5873514,5887263,5887938,	5869619,5870113,5871257,5873675,5887451,5888130,	KIAA0673
uc009vlv.1	chr1	+	5975352	6083110	6023215	6081221	16	5975352,6023163,6024477,6055401,6056379,6064841,6067850,6070113,6071654,6073035,6077046,6077969,6078176,6079282,6079915,6081131,	5975435,6023292,6024519,6055445,6056417,6064921,6067895,6070158,6071698,6073122,6077132,6078090,6078271,6079403,6080004,6083110,	KCNAB2
uc001alu.2	chr1	+	6008966	6081200	6023215	6080178	15	6008966,6023163,6024477,6055401,6056379,6064841,6067850,6070113,6071654,6073035,6077046,6077969,6078176,6079282,6079915,	6009092,6023292,6024519,6055445,6056417,6064921,6067895,6070158,6071698,6073122,6077132,6078090,6078271,6079403,6081200,	KCNAB2
uc001alv.1	chr1	+	6008966	6083110	6023215	6081221	16	6008966,6023163,6024477,6055401,6056379,6064841,6067850,6070113,6071654,6073035,6077046,6077969,6078176,6079282,6079915,6081131,	6009092,6023292,6024519,6055445,6056417,6064921,6067895,6070158,6071698,6073122,6077132,6078090,6078271,6079403,6080004,6083110,	KCNAB2
uc001alw.1	chr1	+	6008966	6083110	6023215	6081221	15	6008966,6023163,6055401,6056379,6064841,6067850,6070113,6071654,6073035,6077046,6077969,6078176,6079282,6079915,6081131,	6009092,6023292,6055445,6056417,6064921,6067895,6070158,6071698,6073122,6077132,6078090,6078271,6079403,6080004,6083110,	KCNAB2
uc001alx.1	chr1	+	6016929	6083110	6023215	6081221	16	6016929,6023163,6024477,6055401,6056379,6064841,6067850,6070113,6071654,6073035,6077046,6077969,6078176,6079282,6079915,6081131,	6017441,6023292,6024519,6055445,6056417,6064921,6067895,6070158,6071698,6073122,6077132,6078090,6078271,6079403,6080004,6083110,	KCNAB2
uc001aly.1	chr1	+	6028567	6083110	6034183	6081221	16	6028567,6034157,6055401,6056379,6064841,6067850,6070113,6071654,6073035,6073909,6077046,6077969,6078176,6079282,6079915,6081131,	6028830,6034401,6055445,6056417,6064921,6067895,6070158,6071698,6073122,6073954,6077132,6078090,6078271,6079403,6080004,6083110,	KCNAB2
uc009vlw.1	chr1	+	6028567	6083110	6064841	6081221	14	6028567,6055401,6056379,6064841,6067850,6070113,6071654,6073035,6077046,6077969,6078176,6079282,6079915,6081131,	6028830,6055445,6056417,6064921,6067895,6070158,6071698,6073122,6077132,6078090,6078271,6079403,6080004,6083110,	KCNAB2
uc001alz.1	chr1	-	6084439	6114395	6088014	6111674	21	6084439,6088880,6089262,6092441,6093040,6094421,6094786,6095555,6103751,6104140,6106594,6107163,6107746,6108170,6108412,6109218,6110692,6111145,6111484,6112794,6114277,	6088074,6088934,6089426,6092637,6093173,6094530,6094924,6095645,6103884,6104220,6106754,6107308,6107880,6108259,6108505,6109393,6110865,6111256,6111716,6112975,6114395,	CHD5
uc001ama.1	chr1	-	6084439	6126802	6084439	6084439	31	6084439,6088880,6089262,6092441,6093040,6094421,6094786,6095555,6095957,6103751,6104140,6106594,6107163,6107746,6108170,6108412,6109218,6110692,6111145,6111484,6112850,6114277,6116774,6117364,6117876,6119163,6119374,6124774,6125060,6126469,6126670,	6088074,6088934,6089426,6092637,6093173,6094530,6094924,6095645,6096063,6103884,6104220,6106754,6107308,6107880,6108259,6108505,6109393,6110865,6111256,6111716,6112975,6114395,6116906,6117506,6118050,6119285,6119512,6124975,6125252,6126578,6126802,	KIAA0444
uc001amb.1	chr1	-	6084439	6162770	6088926	6162670	42	6084439,6088880,6089041,6089262,6092441,6093040,6094421,6094786,6095555,6103751,6104140,6106594,6107163,6107746,6108170,6108412,6109218,6110692,6111145,6111484,6112850,6114277,6116774,6117364,6117876,6119163,6119374,6124774,6125060,6126469,6126670,6128858,6129311,6131500,6131892,6133678,6135058,6137306,6138245,6141982,6150796,6162591,	6088074,6088934,6089156,6089426,6092637,6093173,6094530,6094924,6095645,6103884,6104220,6106754,6107308,6107880,6108259,6108505,6109393,6110865,6111256,6111716,6112975,6114395,6116906,6117506,6118050,6119285,6119512,6124975,6125252,6126578,6126802,6129070,6129518,6131722,6132059,6133802,6135183,6137545,6138364,6142162,6150924,6162770,	CHD5
uc001amc.1	chr1	-	6103751	6129518	6103751	6103751	24	6103751,6104140,6106594,6107163,6107784,6108170,6108412,6109218,6110692,6111145,6111484,6112850,6114277,6116774,6117364,6117876,6119163,6119374,6124774,6125060,6126469,6126670,6128858,6129311,	6103884,6104220,6106754,6107308,6107880,6108259,6108505,6109393,6110865,6111256,6111716,6112975,6114395,6116906,6117506,6118050,6119285,6119512,6124975,6125252,6126578,6126802,6129070,6129518,	KIAA0444
uc009vlx.1	chr1	-	6104140	6119512	6104140	6104140	16	6104140,6106594,6107746,6108170,6108412,6109218,6110692,6111145,6111484,6112850,6114277,6116774,6117364,6117876,6119163,6119374,	6104220,6106754,6107880,6108259,6108505,6109393,6110865,6111256,6111716,6112975,6114395,6116906,6117506,6118050,6119285,6119512,	KIAA0444
uc001amd.1	chr1	-	6167666	6182266	6169318	6182220	4	6167666,6175576,6180298,6182208,	6169463,6175701,6180403,6182266,	RPL22
uc001ame.1	chr1	-	6167666	6182266	6169421	6182220	4	6167666,6175593,6180298,6182208,	6169463,6175701,6180403,6182266,	RPL22
uc001amf.1	chr1	+	6188775	6190953	6189182	6190569	3	6188775,6189182,6190025,	6188949,6189373,6190953,	RNF207
uc001amg.1	chr1	+	6188775	6203946	6189182	6202054	18	6188775,6189182,6190025,6191527,6191761,6191914,6192060,6192570,6192869,6193016,6193516,6193667,6194513,6194877,6195328,6195712,6200935,6201882,	6188949,6189373,6190158,6191672,6191843,6191990,6192186,6192617,6192942,6193085,6193585,6193765,6194700,6195063,6195380,6195830,6201016,6203946,	RNF207
uc001amh.2	chr1	+	6191264	6193546	6191608	6193066	6	6191264,6191761,6191914,6192570,6192869,6193016,	6191672,6191843,6192186,6192617,6192942,6193546,	RNF207
uc001amj.1	chr1	+	6191527	6195830	6192114	6195406	10	6191527,6192060,6192570,6192869,6193016,6193516,6193667,6194513,6194877,6195328,	6191672,6192186,6192617,6192942,6193085,6193585,6193765,6194700,6195063,6195830,	RNF207
uc001amk.1	chr1	-	6203839	6218631	6207726	6218558	5	6203839,6214548,6216120,6217532,6218363,	6207909,6214766,6216290,6217621,6218631,	ICMT
uc001aml.1	chr1	-	6203839	6218631	6207726	6216286	6	6203839,6214548,6216120,6217051,6217532,6218363,	6207909,6214766,6216290,6217158,6217621,6218631,	PCCMT
uc001amm.2	chr1	+	6220457	6222077	6220457	6220457	2	6220457,6220867,	6220495,6222077,	C1orf211
uc009vly.1	chr1	+	6226848	6228225	6227012	6228154	4	6226848,6226997,6227194,6227756,	6226888,6227093,6227276,6228225,	HES3
uc001amo.1	chr1	-	6230000	6232710	6232298	6232619	1	6230000,	6232710,	GPR153
uc001amp.1	chr1	-	6231442	6243622	6231984	6237552	6	6231442,6233086,6233984,6236364,6237196,6243471,	6232650,6233271,6234177,6236794,6237661,6243622,	GPR153
uc001amq.1	chr1	-	6246918	6341591	6247243	6341492	9	6246918,6263748,6277510,6301138,6309945,6316123,6322079,6332395,6341472,	6247342,6263933,6277627,6301225,6310060,6316215,6322236,6332513,6341591,	ACOT7
uc001amr.1	chr1	-	6246918	6343351	6247243	6343299	9	6246918,6263748,6277510,6301138,6309945,6316123,6322079,6332395,6343216,	6247342,6263933,6277627,6301225,6310060,6316215,6322236,6332513,6343351,	ACOT7
uc001ams.1	chr1	-	6246918	6368470	6247243	6368313	9	6246918,6263748,6277510,6301138,6309945,6316123,6322079,6332395,6368140,	6247342,6263933,6277627,6301225,6310060,6316215,6322236,6332513,6368470,	ACOT7
uc001amt.1	chr1	-	6246918	6376413	6247243	6376046	9	6246918,6263748,6277510,6301138,6309945,6316123,6322079,6332395,6375903,	6247342,6263933,6277627,6301225,6310060,6316215,6322236,6332513,6376413,	ACOT7
uc001amu.1	chr1	-	6246918	6376413	6246918	6246918	10	6246918,6263748,6265370,6277510,6301138,6309945,6316123,6322079,6332395,6375903,	6247342,6263933,6265443,6277627,6301225,6310060,6316215,6322236,6332513,6376413,	BACH
uc001amv.1	chr1	-	6246918	6376413	6246918	6246918	9	6246918,6263748,6277510,6301138,6309945,6316123,6322079,6332395,6375903,	6247342,6263933,6277627,6301223,6310060,6316215,6322236,6332513,6376413,	BACH
uc001amw.2	chr1	-	6395086	6407317	6395839	6402467	4	6395086,6402253,6402422,6407124,	6395929,6402349,6402490,6407317,	HES2
uc001amx.1	chr1	-	6397882	6402566	6401519	6402467	4	6397882,6401887,6402253,6402422,	6401800,6401987,6402349,6402566,	HES2
uc001amy.1	chr1	+	6407434	6443591	6407602	6442793	13	6407434,6410872,6422900,6423272,6423580,6427127,6428310,6431287,6434249,6434479,6439830,6440007,6442645,	6407896,6411066,6423087,6423455,6423712,6427329,6428582,6431738,6434395,6434743,6439910,6440019,6443591,	ESPN
uc001amz.1	chr1	+	6430689	6443591	6431431	6442793	8	6430689,6431287,6431539,6434249,6434479,6439830,6440007,6442645,	6430764,6431449,6431738,6434395,6434743,6439910,6440019,6443591,	ESPN
uc001ana.1	chr1	-	6443800	6448842	6444080	6448754	5	6443800,6444640,6445275,6448086,6448715,	6444409,6444821,6445310,6448207,6448842,	TNFRSF25
uc001anb.1	chr1	-	6443800	6448842	6443800	6443800	9	6443800,6444640,6445275,6445509,6447021,6447198,6447734,6448086,6448715,	6444409,6444821,6445313,6445617,6447100,6447366,6447869,6448207,6448842,	TNFRSF25
uc001anc.1	chr1	-	6443800	6448842	6443800	6443800	8	6443800,6444640,6445275,6447021,6447198,6447734,6448086,6448715,	6444409,6444821,6445310,6447100,6447366,6447869,6448207,6448842,	TNFRSF25
uc001and.1	chr1	-	6443800	6448842	6444080	6447049	7	6443800,6444640,6445275,6447021,6447198,6448086,6448715,	6444409,6444821,6445310,6447100,6447366,6448207,6448842,	TNFRSF25
uc009vlz.1	chr1	-	6443800	6448842	6443800	6443800	5	6443800,6444640,6447198,6448086,6448715,	6444409,6444821,6447366,6448207,6448842,	TNFRSF25
uc001ane.1	chr1	-	6443800	6448842	6444080	6448754	10	6443800,6444640,6445275,6445509,6445718,6447021,6447198,6447734,6448086,6448715,	6444409,6444821,6445313,6445617,6445774,6447100,6447366,6447869,6448207,6448842,	TNFRSF25
uc001anf.1	chr1	-	6443800	6448842	6444080	6448754	9	6443800,6444640,6445275,6445718,6447021,6447198,6447734,6448086,6448715,	6444409,6444821,6445310,6445774,6447100,6447366,6447869,6448207,6448842,	TNFRSF25
uc001ang.1	chr1	-	6443800	6448842	6444080	6448754	9	6443800,6444640,6445275,6445509,6445718,6447021,6447198,6448086,6448715,	6444409,6444821,6445313,6445617,6445774,6447100,6447366,6448207,6448842,	TNFRSF25
uc001anh.1	chr1	-	6443800	6448842	6444080	6448754	10	6443800,6444640,6445275,6445509,6445711,6447021,6447198,6447734,6448086,6448715,	6444409,6444821,6445313,6445617,6445794,6447100,6447366,6447869,6448207,6448842,	TNFRSF25
uc001ani.1	chr1	-	6446757	6448842	6447017	6448754	5	6446757,6447198,6447734,6448086,6448715,	6447100,6447366,6447869,6448207,6448842,	TNFRSF25
uc001anj.1	chr1	-	6448738	6454230	6450209	6453711	9	6448738,6450471,6451688,6451981,6452190,6452882,6453152,6453381,6453636,	6450219,6451233,6451888,6452097,6452323,6453002,6453290,6453531,6454230,	PLEKHG5
uc009vma.1	chr1	-	6448738	6460305	6450209	6456770	19	6448738,6450471,6451688,6451981,6452190,6452882,6453152,6453381,6453636,6454134,6454404,6455173,6455632,6455897,6456659,6457097,6458108,6458577,6460175,	6450219,6451233,6451888,6452097,6452323,6453002,6453290,6453531,6453747,6454284,6454455,6455269,6455821,6456101,6456811,6457785,6458169,6458683,6460305,	PLEKHG5
uc001ank.1	chr1	-	6448738	6468601	6450209	6460218	21	6448738,6450471,6451688,6451981,6452190,6452882,6453152,6453381,6453636,6454134,6454404,6455173,6455632,6455897,6456659,6457097,6457693,6458108,6458577,6460175,6468482,	6450219,6451233,6451888,6452097,6452323,6453002,6453290,6453531,6453747,6454284,6454455,6455269,6455821,6456101,6456811,6457234,6457785,6458169,6458683,6460305,6468601,	PLEKHG5
uc009vmb.1	chr1	-	6448738	6473227	6450489	6460218	22	6448738,6450471,6450745,6451688,6451981,6452190,6452882,6453152,6453381,6453636,6454134,6454404,6455173,6455632,6455897,6456659,6457097,6457693,6458108,6458577,6460175,6473091,	6450219,6450545,6451233,6451888,6452097,6452323,6453002,6453290,6453531,6453747,6454284,6454455,6455269,6455821,6456101,6456811,6457234,6457785,6458169,6458683,6460305,6473227,	PLEKHG5
uc001anl.1	chr1	-	6448738	6473227	6450209	6460218	21	6448738,6450471,6451688,6451981,6452190,6452882,6453152,6453381,6453636,6454134,6454404,6455173,6455632,6455897,6456659,6457097,6457693,6458108,6458577,6460175,6473091,	6450219,6451233,6451888,6452097,6452323,6453002,6453290,6453531,6453747,6454284,6454455,6455269,6455821,6456101,6456811,6457234,6457785,6458169,6458683,6460305,6473227,	PLEKHG5
uc001anm.1	chr1	-	6448738	6474347	6450209	6460218	21	6448738,6450471,6451688,6451981,6452190,6452882,6453152,6453381,6453636,6454134,6454404,6455173,6455632,6455897,6456659,6457097,6457693,6458108,6458577,6460175,6474283,	6450219,6451233,6451888,6452097,6452323,6453002,6453290,6453531,6453747,6454284,6454455,6455269,6455821,6456101,6456811,6457234,6457785,6458169,6458683,6460305,6474347,	PLEKHG5
uc001ann.1	chr1	-	6448738	6479343	6450209	6479163	21	6448738,6450471,6451688,6451981,6452190,6452882,6453152,6453381,6453636,6454134,6454404,6455173,6455632,6455897,6456659,6457097,6457693,6458108,6458577,6460175,6479139,	6450219,6451233,6451888,6452097,6452323,6453002,6453290,6453531,6453747,6454284,6454455,6455269,6455821,6456101,6456811,6457234,6457785,6458169,6458683,6460305,6479343,	PLEKHG5
uc001ano.1	chr1	-	6448738	6480071	6450209	6479970	22	6448738,6450471,6451688,6451981,6452190,6452882,6453152,6453381,6453636,6454134,6454404,6455173,6455632,6455897,6456659,6457097,6457693,6458108,6458577,6460175,6479139,6479966,	6450219,6451233,6451888,6452097,6452323,6453002,6453290,6453531,6453747,6454284,6454455,6455269,6455821,6456101,6456811,6457234,6457785,6458169,6458683,6460305,6479216,6480071,	PLEKHG5
uc001anq.1	chr1	-	6448738	6502656	6450209	6502158	22	6448738,6450471,6451688,6451981,6452190,6452882,6453152,6453381,6453636,6454134,6454404,6455173,6455632,6455897,6456659,6457097,6457693,6458108,6458577,6460175,6479139,6502091,	6450219,6450540,6451888,6452097,6452323,6453002,6453290,6453531,6453747,6454284,6454455,6455269,6455821,6456101,6456811,6457234,6457785,6458169,6458683,6460305,6479216,6502656,	PLEKHG5
uc001anp.1	chr1	-	6448738	6502656	6450209	6502158	22	6448738,6450471,6451688,6451981,6452190,6452882,6453152,6453381,6453636,6454134,6454404,6455173,6455632,6455897,6456659,6457097,6457693,6458108,6458577,6460175,6479139,6502091,	6450219,6451233,6451888,6452097,6452323,6453002,6453290,6453531,6453747,6454284,6454455,6455269,6455821,6456101,6456811,6457234,6457785,6458169,6458683,6460305,6479216,6502656,	PLEKHG5
uc001anr.1	chr1	-	6449885	6451888	6450467	6451726	2	6449885,6451688,	6451233,6451888,	KIAA0720
uc001ans.1	chr1	-	6507794	6537168	6508500	6537149	12	6507794,6509342,6511640,6514614,6515109,6515926,6524476,6527472,6527691,6532217,6533042,6536753,	6508650,6509476,6511818,6514726,6515407,6516088,6524574,6527569,6527827,6532345,6533262,6537168,	NOL9
uc001ant.1	chr1	+	6538020	6562404	6538020	6562231	6	6538020,6553555,6557277,6559061,6559596,6561299,	6538211,6553862,6558039,6559274,6559717,6562404,	TAS1R1
uc001anu.1	chr1	+	6538020	6562404	6538020	6562231	5	6538020,6553555,6559061,6559596,6561299,	6538211,6553862,6559274,6559717,6562404,	TAS1R1
uc001anv.1	chr1	+	6538020	6562404	6538020	6562085	5	6538020,6553555,6559061,6559596,6561942,	6538211,6553862,6559274,6559717,6562404,	TAS1R1
uc001anw.1	chr1	+	6538020	6562404	6538020	6561482	4	6538020,6553555,6557277,6561299,	6538211,6553862,6558039,6562404,	TAS1R1
uc009vmc.1	chr1	+	6562642	6571926	6563256	6571859	11	6562642,6563187,6564704,6568565,6569341,6569851,6570124,6570706,6570924,6571402,6571562,	6562696,6563946,6564946,6568677,6569434,6569938,6570279,6570843,6571089,6571491,6571926,	ZBTB48
uc009vmd.1	chr1	+	6562655	6571926	6563256	6571859	11	6562655,6563187,6564704,6568565,6569341,6569851,6570124,6570706,6570924,6571402,6571562,	6562717,6563946,6564946,6568677,6569434,6569938,6570279,6570843,6571089,6571491,6571926,	ZBTB48
uc001anx.1	chr1	+	6562697	6571926	6563256	6571859	11	6562697,6563187,6564704,6568565,6569341,6569851,6570124,6570706,6570924,6571402,6571562,	6562783,6563946,6564946,6568677,6569434,6569938,6570279,6570843,6571089,6571491,6571926,	ZBTB48
uc001any.1	chr1	+	6567948	6571926	6569383	6571859	7	6567948,6569851,6570124,6570706,6570924,6571402,6571562,	6569434,6569938,6570279,6570843,6571089,6571491,6571926,	pp9964
uc001anz.1	chr1	-	6573365	6585516	6578011	6585464	3	6573365,6581693,6584443,	6578204,6582099,6585516,	KLHL21
uc009vme.1	chr1	-	6573370	6582458	6576011	6582019	4	6573370,6578131,6581693,6582396,	6576305,6578204,6582099,6582458,	KLHL21
uc001aoa.1	chr1	-	6573370	6585516	6576011	6585464	4	6573370,6578131,6581693,6584443,	6576305,6578204,6582099,6585516,	KLHL21
uc001aob.2	chr1	+	6596342	6606680	6596713	6604284	4	6596342,6599403,6602449,6604057,	6596752,6599505,6602984,6606680,	PHF13
uc001aoc.2	chr1	+	6607511	6616208	6607865	6615724	6	6607511,6607796,6611145,6612934,6615037,6615442,	6607601,6607939,6611338,6613000,6615142,6616208,	THAP3
uc001aod.2	chr1	+	6607796	6616208	6607865	6615724	5	6607796,6611145,6612937,6615037,6615442,	6607939,6611338,6613000,6615142,6616208,	THAP3
uc001aoe.1	chr1	+	6607796	6618232	6607865	6616735	5	6607796,6611145,6612934,6615016,6616666,	6607939,6611338,6613000,6615142,6618232,	THAP3
uc001aof.1	chr1	-	6616817	6684460	6618321	6684447	16	6616817,6618763,6619844,6620093,6620941,6622548,6627204,6627687,6628435,6634175,6635475,6636557,6650355,6661040,6663554,6684375,	6618347,6618893,6619987,6620151,6621011,6622704,6627321,6627773,6628625,6634249,6635598,6636686,6650457,6661114,6663684,6684460,	DNAJC11
uc001aog.1	chr1	-	6616817	6684460	6618321	6684447	15	6616817,6618763,6619844,6620093,6620941,6627204,6627687,6628435,6634175,6635475,6636557,6650355,6661040,6663554,6684375,	6618347,6618893,6619987,6620151,6621011,6627321,6627773,6628625,6634249,6635598,6636686,6650457,6661114,6663684,6684460,	DNAJC11
uc001aoh.2	chr1	+	6767970	6854684	6767970	6767970	4	6767970,6802827,6807738,6854403,	6768222,6802897,6807857,6854684,	KIAA0833
uc001aoi.1	chr1	+	6767970	7752351	6768177	7749138	23	6767970,6802827,6807738,7073950,7232137,7450476,7623046,7644372,7645999,7653557,7660245,7715094,7718990,7719577,7719901,7720605,7727481,7728491,7730356,7733845,7735105,7738284,7749105,	6768222,6802897,6807857,7074018,7232273,7450548,7623200,7644513,7647846,7653684,7660380,7715246,7719187,7719656,7720217,7721129,7727669,7728738,7730428,7734039,7735180,7738315,7752351,	CAMTA1
uc001aok.2	chr1	+	7662734	7752351	7662819	7749169	12	7662734,7715094,7718990,7719577,7719901,7720605,7727481,7728491,7730356,7733845,7735105,7749105,	7662862,7715246,7719187,7719656,7720217,7721129,7727669,7728738,7730428,7734039,7735180,7752351,	CAMTA1
uc001aoj.1	chr1	+	7718990	7752351	7719056	7749169	11	7718990,7719577,7719901,7720605,7727481,7728491,7730356,7732417,7733845,7735105,7749105,	7719187,7719656,7720217,7721129,7727669,7728738,7730428,7732438,7734039,7735180,7752351,	CAMTA1
uc009vmf.1	chr1	+	7727481	7752351	7727487	7749169	6	7727481,7728533,7730356,7733845,7735105,7749105,	7727669,7728738,7730428,7734039,7735180,7752351,	MST023
uc001aol.1	chr1	+	7753915	7764079	7754030	7762292	5	7753915,7756088,7759806,7760764,7762272,	7754032,7756158,7759965,7760816,7764079,	VAMP3
uc001aom.1	chr1	+	7756088	7760823	7756088	7756088	3	7756088,7759806,7760764,	7756158,7759965,7760823,	VAMP3
uc001aon.2	chr1	+	7766966	7786604	7767524	7786499	10	7766966,7767300,7768087,7769367,7770691,7776606,7781171,7783759,7785693,7786338,	7767023,7767652,7768233,7769483,7770893,7776655,7781320,7783838,7785800,7786604,	PER3
uc009vmg.1	chr1	+	7767026	7812808	7767524	7812807	19	7767026,7767300,7768087,7769367,7770691,7776603,7781171,7783759,7785693,7786338,7791539,7792539,7793084,7801931,7802761,7803113,7809126,7809764,7812483,	7767115,7767652,7768233,7769483,7770893,7776655,7781320,7783838,7785800,7786495,7791645,7792668,7793235,7802067,7802886,7803287,7809357,7810462,7812808,	PER3
uc009vmh.1	chr1	+	7767300	7812808	7767524	7812807	18	7767300,7768087,7769367,7770691,7776603,7781171,7783759,7785693,7786338,7791539,7792539,7793084,7801931,7802761,7803113,7809126,7809764,7812483,	7767652,7768233,7769483,7770893,7776655,7781320,7783838,7785800,7786495,7791645,7792668,7793214,7802067,7802886,7803287,7809357,7810462,7812808,	PER3
uc001aoo.1	chr1	+	7767300	7827824	7767524	7825402	21	7767300,7768087,7769367,7770691,7776606,7781171,7783759,7785693,7786338,7791539,7792539,7793084,7801931,7802761,7803113,7809126,7809764,7812483,7818408,7819645,7825318,	7767652,7768233,7769483,7770893,7776655,7781320,7783838,7785800,7786495,7791645,7792668,7793214,7802067,7802886,7803287,7809357,7810462,7812808,7818592,7819796,7827824,	PER3
uc001aop.1	chr1	+	7767300	7827824	7767524	7825402	21	7767300,7768087,7769367,7770691,7776603,7781171,7783759,7785693,7786338,7791539,7792539,7793084,7801931,7802761,7803113,7809126,7809764,7812480,7818408,7819645,7825318,	7767652,7768233,7769483,7770893,7776655,7781320,7783838,7785800,7786495,7791645,7792668,7793235,7802067,7802886,7803287,7809357,7810462,7812808,7818592,7819796,7827824,	PER3
uc001aoq.2	chr1	-	7825730	7895881	7826589	7835650	8	7825730,7829338,7830450,7832286,7833458,7835547,7835953,7895827,	7826597,7829413,7830529,7832330,7833569,7835765,7836152,7895881,	UTS2
uc001aor.1	chr1	-	7830261	7835765	7830412	7835650	4	7830261,7832286,7833458,7835547,	7830529,7832330,7833569,7835765,	UTS2
uc001aos.1	chr1	-	7830261	7836159	7830412	7836078	5	7830261,7832286,7833458,7835547,7835953,	7830529,7832330,7833569,7835570,7836159,	UTS2
uc001aot.1	chr1	-	7902493	7923474	7903481	7922641	8	7902493,7915808,7917659,7920336,7920839,7921367,7922541,7923430,	7903570,7915943,7917790,7920403,7920977,7921475,7922725,7923474,	TNFRSF9
uc001aow.2	chr1	+	7944300	7954602	7945432	7953660	5	7944300,7945409,7947970,7951991,7953540,	7944440,7945522,7948072,7952051,7954602,	PARK7
uc001aou.2	chr1	+	7944300	7967929	7945432	7967701	7	7944300,7945409,7947970,7951991,7953540,7960298,7967540,	7944382,7945522,7948072,7952051,7953610,7960385,7967929,	PARK7
uc001aox.2	chr1	+	7944300	7967929	7945432	7967701	7	7944300,7945409,7947970,7951991,7953540,7960298,7967540,	7944440,7945522,7948072,7952051,7953610,7960385,7967929,	PARK7
uc001aov.2	chr1	+	7944300	7967929	7945432	7967701	6	7944300,7945409,7947970,7953540,7960298,7967540,	7944382,7945522,7948072,7953610,7960385,7967929,	dj-1
uc001aoy.1	chr1	+	7965605	7967928	7965605	7965605	1	7965605,	7967928,	AX747125
uc001aoz.1	chr1	-	7994380	8008943	7995856	7998266	4	7994380,7997954,7998141,8008804,	7997043,7998031,7998339,8008943,	ERRFI1
uc001apa.1	chr1	-	7996073	7998339	7996075	7997020	2	7996073,7998141,	7998031,7998339,	Mig-6
uc001apb.1	chr1	+	8306976	8326814	8306976	8326660	8	8306976,8307944,8308464,8312855,8318083,8320462,8322139,8326393,	8307373,8308037,8308689,8313583,8318237,8320639,8322345,8326814,	SLC45A1
uc001apc.1	chr1	+	8312784	8326814	8313046	8326660	5	8312784,8318083,8320462,8322139,8326393,	8313583,8318237,8320639,8322345,8326814,	SLC45A1
uc001apd.1	chr1	-	8335050	8406334	8337733	8346780	13	8335050,8338065,8338746,8340842,8342410,8342758,8344409,8345329,8346702,8347392,8348458,8405373,8406207,	8337767,8338246,8338893,8341563,8342633,8344137,8344523,8345491,8346902,8347485,8348621,8405454,8406334,	RERE
uc001ape.1	chr1	-	8335050	8800286	8337733	8638943	24	8335050,8338065,8338746,8340842,8342410,8342758,8344409,8345329,8346702,8347392,8348458,8405373,8448571,8477709,8480051,8491272,8523859,8539120,8540063,8597206,8606955,8638618,8775049,8799805,	8337767,8338246,8338893,8341563,8342633,8344137,8344523,8345491,8346902,8347485,8348621,8405454,8448670,8477809,8480176,8491321,8523964,8539217,8540169,8597332,8607026,8639087,8775234,8800286,	RERE
uc001apf.1	chr1	-	8335050	8800286	8337733	8638943	23	8335050,8338065,8338746,8340842,8342410,8342758,8344409,8345329,8346702,8347392,8348458,8405373,8448571,8477709,8480051,8491272,8523859,8539120,8540063,8597206,8606955,8638618,8799805,	8337767,8338246,8338893,8341563,8342633,8344137,8344523,8345491,8346902,8347485,8348621,8405454,8448670,8477809,8480176,8491321,8523964,8539217,8540169,8597332,8607026,8639087,8800286,	RERE
uc001apg.1	chr1	-	8363238	8363822	8363369	8363732	1	8363238,	8363822,	DKFZp566H0824
uc001aph.1	chr1	-	8447616	8736484	8448307	8638943	11	8447616,8477709,8480051,8491272,8523859,8539120,8540063,8597206,8606955,8638618,8736076,	8448670,8477809,8480176,8491321,8523964,8539217,8540169,8597332,8607026,8639087,8736484,	KIAA0458
uc001api.1	chr1	-	8843649	8853943	8844005	8850655	9	8843649,8845532,8845880,8846536,8847930,8848924,8849762,8850633,8853097,	8844075,8845591,8845989,8846738,8848128,8849147,8849896,8850703,8853943,	ENO1
uc001apj.1	chr1	-	8843649	8861367	8844005	8857554	12	8843649,8845532,8845880,8846536,8847930,8848924,8849762,8850633,8853097,8854536,8857469,8861225,	8844075,8845591,8845989,8846738,8848128,8849147,8849896,8850703,8853156,8854632,8857563,8861367,	ENO1
uc001apk.1	chr1	-	8843649	8861367	8844005	8854563	12	8843649,8845532,8845880,8846536,8847930,8848924,8849762,8850633,8853097,8854536,8857469,8861225,	8844075,8845591,8845989,8846738,8848128,8849147,8849896,8850703,8853145,8854632,8857563,8861367,	ENO1
uc001apl.1	chr1	-	8843649	8861367	8844069	8857554	11	8843649,8845880,8846536,8847930,8848924,8849762,8850633,8853097,8854536,8857469,8861225,	8844075,8845989,8846738,8848128,8849147,8849896,8850703,8853156,8854632,8857563,8861367,	DKFZp666C036
uc009vmi.1	chr1	-	8843649	8861367	8844005	8857554	10	8843649,8845532,8845880,8846536,8847930,8848924,8849762,8854536,8857469,8861225,	8844075,8845591,8845989,8846738,8848128,8849147,8849896,8854632,8857563,8861367,	ENO1
uc009vmj.1	chr1	-	8843649	8861367	8844005	8857554	10	8843649,8846536,8847930,8848924,8849762,8850633,8853097,8854536,8857469,8861225,	8844075,8846738,8848128,8849147,8849896,8850703,8853156,8854632,8857563,8861367,	ENO1
uc009vmk.1	chr1	-	8843649	8861367	8844005	8857535	8	8843649,8845532,8845880,8846536,8847930,8848924,8857469,8861225,	8844075,8845591,8845989,8846738,8848128,8849147,8857563,8861367,	ENO1
uc009vml.1	chr1	-	8845759	8861367	8845847	8857554	10	8845759,8846536,8847930,8848924,8849762,8850633,8853097,8854536,8857469,8861225,	8845989,8846738,8848128,8849147,8849896,8850703,8853156,8854632,8857563,8861367,	ENO1
uc009vmm.1	chr1	-	8853592	8861367	8853592	8853592	3	8853592,8857469,8861225,	8854632,8857563,8861367,	ENO1
uc001apm.1	chr1	+	8928508	8957735	8928532	8957350	8	8928508,8931908,8939782,8941555,8945232,8950304,8953512,8957267,	8928611,8932088,8939931,8941648,8945302,8950462,8953627,8957735,	CA6
uc009vmn.1	chr1	+	8928508	8957735	8928532	8957350	7	8928508,8939782,8941555,8945232,8950304,8953512,8957267,	8928611,8939931,8941648,8945302,8950462,8953627,8957735,	CA6
uc009vmo.1	chr1	-	8985945	9008991	8985945	9008991	12	8985945,8987397,8989955,8992788,8996170,8997326,8997762,9000868,9001854,9005563,9007621,9008940,	8986164,8987525,8990031,8992890,8996281,8997514,8997888,9001021,9001979,9005724,9007720,9008991,	SLC2A7
uc001apo.1	chr1	-	9019593	9052257	9020231	9052182	12	9019593,9020542,9021076,9021473,9022197,9022445,9022709,9024430,9030255,9040093,9040797,9052149,	9020435,9020670,9021152,9021575,9022308,9022633,9022835,9024583,9030380,9040254,9040896,9052257,	SLC2A5
uc001app.2	chr1	-	9022727	9052257	9024266	9052182	5	9022727,9030255,9040093,9040797,9052149,	9024583,9030380,9040254,9040896,9052257,	SLC2A5
uc001apq.1	chr1	-	9087062	9111816	9087064	9111673	4	9087062,9088131,9093921,9111290,	9087280,9088326,9094135,9111816,	GPR157
uc001apr.2	chr1	-	9091748	9111816	9093801	9111673	2	9091748,9111290,	9094135,9111816,	GPR157
uc001aps.2	chr1	-	9109547	9111943	9110909	9111818	1	9109547,	9111943,	GPR157
uc009vmp.1	chr1	-	9130932	9164941	9134368	9164932	2	9130932,9164652,	9134481,9164941,	EF570048
uc009vmq.1	chr1	-	9130932	9165038	9134368	9164932	2	9130932,9164652,	9134481,9165038,	EF609116
uc001apt.1	chr1	+	9217449	9253981	9227580	9247515	5	9217449,9227570,9229611,9244704,9246154,	9217712,9228207,9229729,9244974,9253981,	H6PD
uc001apu.1	chr1	+	9275570	9352177	9338537	9350221	4	9275570,9275608,9338388,9350093,	9275602,9275717,9339231,9352177,	SPSB1
uc001apv.1	chr1	+	9338352	9352177	9338537	9350221	2	9338352,9350093,	9339231,9352177,	SPSB1
uc001apw.1	chr1	+	9522114	9565418	9522337	9565146	7	9522114,9536270,9549928,9552902,9555990,9562598,9564943,	9522393,9536450,9550006,9553003,9556057,9562879,9565418,	SLC25A33
uc001apx.1	chr1	+	9522114	9565418	9538867	9565146	8	9522114,9536270,9538826,9549928,9552902,9555990,9562598,9564943,	9522393,9536450,9538902,9550006,9553003,9556057,9562879,9565418,	SLC25A33
uc001apy.1	chr1	+	9571566	9587594	9571575	9584936	6	9571566,9578534,9579503,9581093,9583749,9584713,	9571688,9578655,9579698,9581270,9584099,9587594,	TMEM201
uc001apz.1	chr1	+	9579503	9597518	9581141	9595728	8	9579503,9581093,9583749,9584713,9590201,9593150,9594397,9595630,	9579698,9581270,9584099,9584917,9590434,9593450,9594535,9597518,	RP13-15M17.2
uc001aqa.2	chr1	+	9634376	9698414	9693100	9698413	4	9634376,9692749,9693068,9698185,	9634447,9692925,9693241,9698414,	PIK3CD
uc001aqb.2	chr1	+	9634376	9711759	9693100	9709691	24	9634376,9674111,9693068,9698185,9698493,9699084,9699603,9700181,9701338,9702565,9702756,9703255,9703386,9703771,9704088,9704405,9704619,9704888,9705172,9705769,9706613,9706920,9707448,9709553,	9634447,9674216,9693241,9698414,9698723,9699264,9699753,9700271,9701560,9702662,9702887,9703306,9703554,9703893,9704232,9704505,9704798,9705001,9705251,9705937,9706737,9707066,9707581,9711759,	PIK3CD
uc001aqc.2	chr1	-	9635255	9637210	9636423	9637081	2	9635255,9636842,	9636688,9637210,	C1orf200
